100 100
 89  54  68  31  59  94  19  45  43  97  94  21  11  10  57  79  11  40  86  19  90  28  83  48  83  88  37  16  54  24   9  74  82  64  79  19  64  37  17  13  25  99  21  60  10  32  33  52  23  62  25  93  73  99   2  20  63  12  16  39  20   1  16  65  60   2   2   5  50  40  73  96  97  52  88  53  47   4  25  60  75  37  17  95  38  47  15  51  55  39   8  99  29  24   0  55   8   4  86  11 
 52  74  49   1  86  72   8  51  95   5  69  80  90  47   8  46  70  76  46  71  31 100  31   8  71  94  96  69   9  76  26  64  39  48  49  63  27   1  54  86  73  11  16  54  96  91  87  43  29  67  80  57  64  59   8  78  80  41  16  74  77  47  91  81  42   2  42  78  40  82  61  40  10   7  73  58  59  45  98  63  30  21  66  55  47  58  32  39  15  23 100  47  97  82  45  36  23  10  89  42 
 67   6  59  25  33 100  24  65  22  16  74  39  86  49  68  57  85  41  41  22   2  87  92  95  62   5  24  96  74  93  67   4  76  34  95   4  16   4  57  75  63  80  21  34  42  44  68  34  12  54  41  47  95  20  82 100  68  53  55  29  12  42  25  90  35  91  61  77  17  37  20  32  18  25  50  33  13  14  27  82  49   5  61  26  97  46  17  44  29  57  37  58  82   2   5  62  69  53  24  75 
 18  57  65  60  70   4  20  60   3  34   8  43  27  72  45  75  77  32  90  77  48  69  10  70  76  37  95  81  56  64  80  26  39  50  71  63  54   9  50  10  45  70  29   9  99  90  12   4  22  76  44  55   8  10  26  67  34  55  86  35  84  25  51  41  55  42  34  15  17  61  54  63  86  79  28  66  64  83  69  56  80  72 100  56  84  54  33  72  56  84  14  80  80  80  29  91  94  58  84  86 
 25  40  29 100  78  35  95  59  55  51   1  99  37  96  68  43   4  18  14  51  96  92  26   8  92  27  71  75  67  24  18   1  42  68  69  21  87  50  66  33  30  73  55  32   4  89  97  81  93  72  25  45  41  73  66  70   3  55  59  33  63  65   8  99  84  63  96  90  70  76  93  24  86  76   0  63  22  54  76  60  25  41  40  23  53   2  58   7  47  78  13  73  62  29  36  87  69  88  15  93 
 50  68  91  80  27  34  57  49  78  60  43  44  87  39  66  42  90   8  14  13  97  69  21  37  80  93  76  61  94  94  56  45  70  12  70  92  50  70  38  69  34  23  20  93  83  10   6  58  27  23  81  12  53  34  94  55  80  40  87  95  98  61  55  38   5  19  50  86  86  47  49  33  12  46  66  92  76  94  81  29  77  71  17   1  21  14   8  35  14  54  44  36  21  88  90   7   7  43  68  38 
 36   0  43  25  16  42  76  56 100  76  26  54  48  77  59  37  70  23  38   8  81  99  38  66  70  39  75  19  65  62  62  34   5  99   8  57  92  49  60  22   8   2  35  65  40  44   6  90  23  41  67  92  74  59  85  40  95  98  37  24  17  52  94  24  10   1  39  33  52  82  18  86  80  22  23  86  64  92  81  85  17  23  88  95  20  15  93  58   2  78   7 100  90  15  72  66  73  69   8  65 
 75 100  29  26  70   0  27  68  17  92  67  22  44  26  26  16  52  47  96  57  31  80  45   2  12  46  15  38  85  15  62  99  48  44  93  28  92  51  84  88  92  82   4   3  96  76  79  48  88  48  29  82  31  94  72  57  35  65  35  93  64  70  85  77  56  36  47  93  43  19  62  93  77  38  94  55  46  37  66  48   0  92  54  67   0  36  21  90  44   0  92  75  44  95  41  66  18  20   5  86 
  7  37  24  18  75  26  67  55  86  50  30  32  24   0  31  32  32  29  10  91  38 100  98  13  22  31  78  72  93  14  82  76   8  90  40  40  77  62  29  44  46  26  83  36  14  85  85  25  72  78  18  26  49  79  54  23  81  85  24  55  15  31  16  31  29   0  87  99  25  34  48   1  44  20   2  97  18  11  33  56   1  72  50  15   8  58  73  59  64  28  45  66  57  17  31  17  42  83  14  22 
 64  98   1  37  20  65  22  74  74  67  13  10  32  23   4  59  25  76  91  21   0  65  23  12  98  99  67  74  55  87  44  50  14  39  63  63  62  87  91  59  11  54  69  71  84  49  18  96 100  80  79  40  12  41  89   9  20  90  38  90  90  84  78  95  56  17  12  38  27  22  85  33  93  78  51  35  80   7  29  28  59  79   9  53  33  83  89  14  83   7  76  68  84  24  84  57  60  37  86  38 
 19  56  93   1  94  89  69  77  23  77  16  96  87  91  66  92  74  83   9  41  56  31  73  85  11  49  33  98  41  61 100   3  62  66  99  31  13  21  13 100  36   7  73  71   3  39  61  55  22  72  60  91  99  39  91  33   3  55  28  61  11  78  85  76  99  58  41  79  54  21  87  53  32   1  21  31  52   6  33  40  78  54  84  39  90  18  32  55  17  50  53  58  60  63  22   3  70  52  86  74 
 29  50  94 100  87  64   6  32  29  43   0  26  62  54  82  40  83  40 100  18  45  58  84  46  17  68  31  55  33   9  60  56 100  19  42  50  92  68  81  17  19   4  19  52  58  24  59  65  75   1  48  31  19  87  59  21  85  68   6  97  62  47   9  65  28  81  50  17  17  26  84  93  67  80   2   3  88  19  52  97   0  80  92  37  83   1  31  38  48  16  78  31  88  95  85  29  67   4  17   9 
 69  14  14  51  79  55  76  69  44  30  95  73  54   5  81  28  98  27  18   2  81  39  73  34  78  95  38  66  31  28  41  16  30  46  65  51  25  68  35  77   5  96  20  89  62  99  20  73  56  71  96  26  92  19  77  67  66  18  94  39  27  10  28   5  42  94  33  85  64  49  13  25  82  76  60  73  26  68  50  92  32  19   9  93  89  43  61   3  86  27  49  19  56  64  56  24  19  86  29   4 
 57  14  95  44  35  76  67  82  43  47  40   0  53  67  97  28   0  19  27  60  20  72  44  54  88  71   5  76  27  44  66  31  28  85  81  97 100  59  63  95  52  93  59  19  19  25  58  24  77  76  19  68  18  36  41  70  55  81  94  72  51  73  23  14  88  73  96  95  79  39   0  30  74  39  71  42  27  21  38  62   7  47  68   8  24  74  86  69  90  98  27  95  65  64  23  86  21  93  23  92 
 33  32   2   0  68  39  75  26  89  33  76  98   2  19  85  88   0  56  13  81  99  89  88  40  70  58  84  49  37  75  32  84  88  68  23  84  79  36  35  25   2  86  93  17  18  61  85  24  42  21  23   6  46  98  13  14  43  97   4  52  25  50  35  46  43  71  64  99  25 100  60  33  60  18  73  76  93  53  49  60  34  92  23  11  60  50  37  51  61  65  45  87  98  29  71  66   5  29  18  96 
 16  98  16  44  21  41  94  18  48   2  13  86  43  70  38  21   9  63  62  69  51  28  61  37  74  22  24  88  72  27  95  95  50  56   2   7  47   2  43  24  48  65  25  77  78  53  34  67  20  99  84  95  11  92  41  64  98  95   8  89  76  80   1   2  33  82  85  75  48  16  52  60  90  78  49  82  85   9  24   6  27  43  31  12  88  45  97  85  82  43  38  84  17  36  85  73  20   9  32  58 
 70  84  87  57   2  46  51  38  94  18  92  36  91  81   5  46  37  23  55  70  11  38  14  18  84  81  11  83  48   7  84  13  33  66  69  32  93  36  47  90  17  35  74   0  58  87  21  92  50  15   6  82  25  28  33 100  38  34  50  91  39   1  25  41  16  87  11  33  21  57  10  50  87  32  36  43  78  39  14  96  51  87  42   4  22  88  71  78  80  21  58  59  16  38  65  66  21  73  48  25 
 15  67  83  15  26  94  91  10  58  99  99  48   4  87   3  49   7  85  79  14  28  29  38  11  51  42  32  71  32  59  81  72  69  12  86  73  88  84  46  55  28   8  43   8  19  98  86  66  26  67  96  80  49  42  63  45  74  23  83  10  53  30  19  15  41  16   6  42  69  99  71   8   4  39  36  84  91  63  23  10  54  63  68   0  89  49 100  47  96  43  79  88  63  91  45  14  44  30  27  37 
 95  65  63  17  17  16  44  90  98  77  65  56  32  27  48  79  84  37  95  57  75  12  34  74  13  32  22  91   7  63  81  84  44   0   1  63  51  43   9  90  48 100  38  10  60  78  20  16  13   5  59  95  46  38  45  44  81  29  13  16  31  59  72  82  15   6  46  66  57  16  26  16   2  56  68  90  89  39  35  35  28  85   1  47  43  56  73  20  72  76  30  77  14  62  75  21  94  28  66  88 
 83  54  24  20  22  21  59  63  64  37  94  12  84  84  40  88  92  79  63  68   3  73  61  37  68  95  89  14  31  55  33  20  55  41  46  64  68  53  30  59  40  13  52  41  91  28   5  92  68   5  54  38  97  54  31  81  61  17  31   8  61  31  41  89  68  94  51   9  16  41   8  78  10  60  26  75  23  77  67 100  88  45   2  88  50   1  70  80  56  39  74  30  23  81  67  70  28  75  19  36 
 94  21  94   0  76  40  38  83  20  78  78  15  85  40  80  53  57   5   8   3  72  24  34  64   2  86  73  67  75  35  54  18  95 100   7  22   4  78  89  91  39  94  13  17  54  68  51  59   9  70  35  21  34   2  83  66  87  75  15  59   5  22  50  22  90  72  73   8  65  35  47   8  63  27  82  33  51  10  69  30  17  47  44  63  88  63  10  29  30  50  72  49  16  20  65  32  15  82  15  45 
 92  89  82   3  78  27  32  24  63  30  51  51  29  25  67  48  49  69  84  83  80  98  62  42  84  68   2  80  92  78  62  53  99  30  70  71  39  36  88  83  23  50  60  45  15  21  16  44  10  86  48  26  20  68  39   5  66  97  39  72   4  42   4  22   8  97  58  61  52  77  89  24  75   8  57  73  68  99  82  71  71  93  23 100  30 100  54   9  70  88  23  24  92  37  97  60  65  98  54  20 
 67  48   5  82   7  59  88  99  45  74  69   5  96  12  90  45   8  70   5  21  47  11  35  72  94  72  15   9  81  66  48  95  61  65  65   2  76  22  54  76  38  55  11  76  36  64  34  84  29  78  63  53  67  62   8  19  35  12   5  52  20  31  41  12  91  67   5  38   6  94  38 100   7  62  18  26  82  38  24  49  16  55  51  48  56  80  14   3  89  77  62  62  38  87  80   7   5  75  42  72 
 81  12  33  53  59  77  29  10  58  96  52   4  31  19  15  30  20  85  82  17  49   8  70  60   1  28  98  48  66  81  33  31  89  90  84  66  21  79  29  84  15  32  74  50  41  60  24   3  26   2  83  44  38  84  62  76  89  52  84   5  78  80  14  13  88  96   3  88  90  17   4  95  64  33   6  16  58  71  60  83  33  80  20  87  43  70  51  86  44  55  36  46   7  24  27  27  14  83 100  57 
 78  49  46  31  26  35  11  44  47  67  26  52  78  78  69  62  74  66  58  46   6  84  94  20  68  14  54   4  36  13  72  15  29  60  27  49  17  75  80  22  44  85  41  69  15  36  17  53   9  75  55  62  97  15  72  33  79  82   2  97   0  32  21  35  15  66  32  84  60  57  50  89  44  55  37  72  81  41  17  31  93  92  84   1  14  30 100  20  16   2  25  81  44  90  61  73  34   5  25  51 
 65  10  58  20  63  84  88  92  76 100  51  57  42  70  79  10  63  11  31  58  81  95  49   7  42  82  50  86  78  90   3  61  93  28  89  72  27   9  45  73  63  53  79  16  45  29  85  20  90  41  66  48   7  52  15  10  83  88  44  74  56  78  39  83   2  38  56  41  35  76  78  82  70  30  76  77  53  11  56  94  21  75  15  75  18  40  81  94  42  26  40  98  53   5  99  90   2  71  59  15 
 14  63  71  35  70  16  64  48  79  90  44  64  41 100  53  71  28  83  88  28  93   8  78  54  65   4  95  88  38  11  94  74  75  65   1  50  60  69  51  17  33  47  56   6  82 100  67 100  96  66  32  71  26  83  11  75  10  29  23  49  48  70  13  92  61  26  46  58  48  13  55 100  57  89  27  37  98  33  16  74  82  80  35  18  90  11  62  33   9  18  21  23  14  58  62  71 100  55  97  84 
 97  24  75  89  56  58  56  94  85  55  99  76  11  89  75  23  10  95  31  89  28  47  70  76  95  49  25  48  87  77  12  64  98   5  35  70  90  84  78  83  15  89  24  72  71  93  50  32  23  54  95 100  36  50  23  41  83  39  84  40  49  83  84  36  50   7  77  68  70  42  43  21  13  32  71  42  97   3  12   6   0  45   0  78   1  29  55  89  31  73  53  69  30  39  22  28  71  51  80  35 
  5   4  41  44  81  63  53  76  87   0  98  51  64  81  51  38  66  61  93  83  84  19  46  17  78  23   9   9  53  45   3  36  20  39  97  10  40  36  47  21   0  37  75  61  76  92  25  54  21  42  21  76  44  66  34  67  40  51  55  76  65  28  88  72  17  40  23  69   6  45  90  78  41  74  15  25   6  62  63  17  27  51   6  48  33  59  18  50  49   1  40  97   9  93   9  77   4  99  78  97 
 90  91  41  16  36  12  52  80  36   0  46  96   8  25  64  14  69  89  80  19  12  80  34  10  88  57  89  89  39  11  46  19  17  99  84  92  29   7  18   0  53  52  86  92  76  76  20  99  80  70  96  21  64  53  95  79  32  76  76  43   0  44  99  90  26  56  42  63  83  13  50  86  56  56  16  19  50  97  69  31  73  51  48  45  16  62   6  30  38  85   0  83  68  11  42   6  31  51  80  81 
 88   3   7  32  66 100   5  53  90  27  11  93  14  58  95  49  16  87  56  37  20  98  99  38  69  30  27  84  98  45  10  64  48   0  71   4  33  15  41  51  94  92  72  89  98  21  27  74  53  29  89  45  26  34  66  57  39  24  79  56  40  47  26  94  80  98  74  55  31  67  30  37  78 100  14  41  17  60  95  23  30  24  88  85  61  93  19  48  17   5   2   5  45  35  88  25  42  43  37  92 
 84  44  13  31  52   9  78  40  43  58  21  20  22  65  84  34  96  64  23  44  31  95  81  22  28  45  99  62  87  15  36  92  68  26  34  33  75  50   5  85  39   3  76  92  43  66  89  87  44  53  66  60   5  24  77   3  28  73  30  88  80  11  92  70  73  61   7  45  59  81  51  85  60  70  15  35  27   9  81  43  77  27  82  37  77  14  95  53  19  46  30  23  18  75  83  69  55  28  34  57 
 10  33  81  39  20  45  32  84  50  90  41   2  62  15  17  14  38   4  39  99  58  76  56  92  26  29  81  85  54  99   0  22  72   8  78  36  50  98  75  59  98   0  63  26   3   9  88  50  27   7  86  27  44  30  41  28  48  82   5  62  71  49  67  87  80  89  81  55  82  84   0  80  84  30  24  55   5  65  26  71  27  21  21   0  11  71  13  54  74  44  32  70  72  31  99  80  28  33  26  71 
  8  44  36  84  82  55  38  31  48  33  36  79  63  85  60  25  34  26  54   3  38  32  22  61  32  84  16  27  96  35   0  17  18  93  86   8  58  37  41  73  61  95   3  26  22  97  64  80  14  65  74  85  45  40  39  62  93  56  27  93  17  36  64  46   0  45  39  43  95  19   0  48  56  89   2  78  96  67  67  51  27  85  14 100  33  59  32  62  73  46   9  91  78  52  49  42   8   6   6   8 
 84  16  42  40  10  80  69 100  32  69  96  55  27   7  11 100  85  36  45  33  17  65  38  97  58 100  50  11  18  17  40  54  74   3  20  97  49  83  55  30  12  79   8  48  81  19  74  48  69  15  99  85  69  27  26  77  97  58  12  85  86   0  64  66   3  36  12  56  11  31  83  44  51  95  18  85  17  90  48  47  27  68  46  95  63  75   0  71  78  30  22   6  42  50  42  99   3  46  81  79 
 37 100  48   5  74  37  97  10  43  14  38  70  21  56  41  20  91  68  76  18 100  66  46  39  25  29  90  32  18  73  86  67  94  96  22  92  90  57  73  25  58   9  65   2  98  44  80  50  63  51  25   2   0  62  87  89  45  59  58  37  36  56   8  11  46  45   3   0  33  92  94  36  69  16  38  47  51  13  75  68   3   7  67  76  95   3   7  39  37  33  21  23  68  85  30  40  16  12  84  29 
  6  45  84  90  25  18  86  70  55   8  23  77  25  77  12  81  74  78  25  57   8  42  53  19  29  16  59  54  21   7  54  61  95  83  72  13   9  89   1  97  40  47  67  74  63  18  18  60  55  61  39  16   7  33  15  17  91  72  64  20  89  50  91  32  10  70  19  61  55  81  31  84  92  27  59  63  53  24  89  97   1   6  46  84  96   1  40   8  15  81  72  59  79  93  76  75  74  10  40  11 
 27  75  74  79  63  96  50  50  17  72   3  43  55  89  13 100  66  44  79  51   4  86  72  90  40  41  24  70  75  37  58  87  19  86  71  38  68  79  34  32  11  47  17  54  83  66  13  73  81  10  80   8  80  72  29  98  60  63  31   8  68  19  59  49  65  65  91  64  61  42  71  61  62   3  82  49  71  72  68  13  27  61   1  78  64  27  41  61  61  87  80   3  12  42  52  67  88  69  28  60 
 80  37  76  35  96  42  14  87  84  97  85  26   5  93  91  56  58  76  72   8  85  69  75  72  73  24   0  60  30  48  15  60  46  56  89  34  78  14  68  18   0  60  55  42  91  97  32  79  45  88  72   5  65  74  14 100  85  94  46  41  19  43  80  85  27   5  48  61   5  23  92  14  27  32  35  27  83   4  88  33  77  20  82  28  85  17   5  10  54  24  96  16  17   8  57  64  38   3  82  85 
 85  75  25  62  32  43  86  67  91  49  41  74  59  95   0  84  28  75  56  67   3  76  89  69   5  95  48  67  11  44  83  97  77  74   9  38  32  87  62  71  16  44  31  57  71  41  40  44  69  60  46  16  16  89  28  63  14  79  67  68  69   0  40 100  44  83  56  34  69  22  39  43  77  78  66  16  38  61  54  42  85  16  64  76 100  76  67  50  82  59  29  98  77 100  23   3  42  86  62  83 
 78  58  89  66  42  58  22  22  75  54  85  68  81  52  32  75  99   7  67   5  22   6  14  67  29  21  48  22   1   3  57  19  31  95  53  12   5   4  32  46  62  37  18   2  78  62   8  79  84   9  40  76   5  33  50  14  62  45  48  99   3 100  36  97  79  60  59  20  20  47  94 100  65  56  45   6  49  69  11  90   0  13  45  84   1  39  72  87  72  24  18  72  74  64  97   2  61  83  50  58 
  8   2  42  12  90   5  85  71  21  26  90  61  24  93  95  96   3  26  86  11  89  31  92  75   6  61  56  28  34   0   0  79  61  37  71  37  75  57  62  91  61  93  24  68  11   2  83  79  71  44  23 100  95  23  67  12  74   4  45  37  50  17  31  42  93  31   8  62  19  82  18  82  42  94  19  80  94  56  31  69  17  20  32  87  19  14  59  34  53  92  95  20  72  42   7  12  45  47  17  74 
 93  84  75  86  29  46  87  16  19  29  10   4  44  55  46  20   4  86   8  64  49  65  25  74  73   0  72  18  51  28   4  97  53  59  56  93   6  27  45  35  94  26  93  77  17   8  13  58  20  81  65  63  73  57 100  74  51  52  16  15  66  11  15  72  66  23  82  62 100  90  22  24   9  70  60  97  36   2  99  72  87   3   3  96  77  80  80  78  97  49  23  67   7  81  35  30  15  71  78  36 
  2  26  17  49  39  45  68   6  88  43  96  13 100  37  17  29  40  56  48  92  80   8  90  40  25   7  47  51  47  94  68  48  38   1  85  27  36  61  94  86  11  93  19  19  17  53  57  57  49  99  93  63  65  87  96  99  71  14  27  54  69  72  16  91   8  71  73  81  43  39  53  54  93  45  18  62  17  41  44  50  52  70  54  70  10  27  89  41  42  70   9  10  13  53  90  40   0  13  22  23 
 73  66   5  26  76  98   1  65   9  32  37  37  89  24   2  41  79  44  44  12  98  36   7  98  75  83  21  14  32  52  50  55  33  24  22  57  93  48  49  44  99  91  90  51  73  90  86  69  54  94  42  61  93  15  62  51  14  63   8  89  15  60  76  36   2  60  60  52  15  58  64  90  67  76  83  37  98  62  59  53  13  33   1  43  57  94  99  30   7  37  12  27  36  56  10  90  12  17  90  93 
 69   8  30  76  41  95  39  84  80   3  37  30  35  88  37   2  45  84   7  12  59  14  71  36  16  24   6   2  84  69  71  13  70  32  16  83  82  38  74  37  81  24  39  97  23  15  36  97  56   0  28  87  56  41  11  40   2  23   0  77   1  70  35  89  61  81  12  61  35  60  24  49  62  47  48  58   1  24  93   6  93  76  41  61  98  35  46  65  19  78  84  51   8  79  24  22  49  25  87  25 
  3  44   2  22  49  84  55  89   3  63  49   4  87  49  42  32  35 100  81  15  70   3   1  50  75  95  85  89  44  25  22  85  60  55  70  95  41  91   2  56  13  80  96  77  89  98  75  44   8  74  34  39  46  38   9  73  72  42  36  93  66  64   8  69  31  38 100  92   4   6  46  86   3  56  83  77  47  29  98  55  64  51  72  86  30  76  47  31  83  55  88   8  72  64  87   4   6  16   4  92 
 69  84  67  86  23  87  61  11  16  40  69  63  70  99  49  64  38  30   0  62  62  16  80  49  63   6  47  25  48  71  46  43  44  89  25  54  27  25  17   6 100  60  35   7  33  91  31  69  62  65   0  49  62  84  99  20  40  61  81  70  74  20  17  84  54  96  94  38  14  80  55  70   0  57  73  73  85  26  71   7  23  36  89  82  24  99  49  70  46  19  51  69  86  88  94  57  23  24  10  81 
 56  11  31  89  62  55  96  84  76  94  55   5  21  23  17  54  40  25  87  80  39  37  81  95  25  73  63  92  13  94  89  80  68   5  76  12  22  46  26  55  97  62  31   3  47   5  48  14  60  67  70  89  13  33  52   9  65  51  77  51  81  91  61   2  17  22  94  57  15  39  30  12  62  73  35  55   5  33  68  60   3  73  30  81  80  24  81  69  34  80  63  96  86   6  24  71  92  83   3  15 
 35  27  92  13   9  27  92  53  81  10  84  62  44  54  64  72  57  88  19  24  48  43  47  37  93  80  99  26  86  63  11  64  38  52  38  80  68  17  33  64  35  48  25  66  74  87  94   0   1   6  40  28  58  34  79  48  94  87  74  31  82  13  75  80  84  75  32  62   1  54  30  92  35  20  59  30  50  91  53 100  81  25  26  28  80  80   4   1   8  54  50  13  82  66  63  38  60  97  15  40 
 40  56  37  71  63  44  40  65   3  54  42  32   2  58  78   5  81  36  95  67  47  36  49  82   0  86  51  49  46  54  80  34  70  95  60   3  76  42  27  42  99  43  65  69  19  75  59  45  68  53   6  40   1  23  25  54  97  45  97   6  13  90  46  34  45   1  32  26  36  46  72  95  49  62  90  73  62  12  13  40  83  84  54  20  76  32  49  66  46  86  15  59  78  52  12  58  81  14  41  60 
 97  67  30  31  64  44  21  32  22  96  85  55  61  27  58  95  21   3  58  33  34   8  67  21  30  40  61  78  17  61  53  10  71  86  33  15  54  13  76  57  21  72  88  65  79  46  86  44  33  16  99  99  66  28  24  24  78  73  11  19  68  43  17  82  75  81  58  64  82  70  87   9  91  37  43  12  97  89  22  15  98  75  39  62  61  18  95  77  87  43  98   8  37  26  41  22  53   6  90  22 
 44  97  88  34  30  46  25  32  36  13  95 100  84  14  68  87  53  45  47  80  64  24  39  10  71  12  29   4  78  77  35  50  76  91  24  75  85  13  68  89  15  48  62  57  97  35  95   7  97  41  43  81  52  59   8  58  51  68  69   1  99  89  35  41  68  24  23   9  81  83  30  39  14  41  58  17   9  82  82  79  28  14  37  86  34  86  32  29  95  80  37  86  41  30   4  57  64  45  91  90 
 17  54  33  76  36  21  31  43  51  95   8  58  46  87  36  58  91  98   9  12  92  22  97  35  78  23  59  53   9  66  92  38  21  67  56  61  80  35  10  19  65  21  14  89  55  81  63  99  32  26  96   8   0  24  30  92  47  31  87  16  34   0  98  87  67   5  12  89  65 100  55  34  63  98  64  58  22  84  19  77  75  43  79   3  96  19  77  88   2  80  57 100  28   0  46  60  50   7  41  50 
  0  11  35  51  17  66  96  95  27  18  40  22  99  16  78  39  95  53  58  23  43  85  81  24  59  61  17  68  80  33   8  76  20  48   8   0  53  32  24  32  91  12  59  94  27  20  58   1  46  84  52  16  66  97   5  78  91  99  96  41  11  51  32  65  46  77  93  44  27   5   7  71  76   8  72   6  32  12  58  29 100  92   0  93   0  45  67  50  85  91  94  65  87  77  35  30  56  67  94  73 
 84  42  31  65  51  58  49  57  56  52  74  13  60   2  64  18  76   6  63  25  19 100  34   6  28  75  38   9  20   9  72 100   3  58  88   9  14  90  71  71  90  73  80  51  66   9  92  81   0 100  29  66  36  14  80   9  62  45  19  10  83  51  75   8  33  19  39  15  22  28  43  76  84  95  50   4   4  61  31  51  23  46  15  72  48  67  21  90  84  43  64  92  46  96  12  56   3  13  27  43 
 64  77  78  23  70  61  29  46  39  93   9  80  81  27  22  19  56  64  18  20  61  71   7  28  93  91  75  18  41  86  81  66  23  62  22  35  26  92  35   7  93  40   8   1   4   5  50  16  45  71  76  54  65  84  19  62   8  33  60  68  98  26  27  72  97  76  18  76  64  84  19  37  75  82  29  30  38  85  75  93 100  75  96  95  79  64  99  35  15  24  13  80  35  83  69  89 100  24  55  29 
 53   3  52  74  28  63  87  95  64  11  21  54  34  70  64  69  64  13  19  73  40  68  13  69  30   4  84  18  14  99  53  97  46  27  64 100  88  97  61  64  89  55  29  74  56  85  31  98  29  37  40  75  44  21  35  22  92  48  86   1  11  22  94  13  43  47  54  18  97  35  81   6  59  98  39  54  92   0  81  86  39  97  78  30  28  91  14  61  99   4  87   6  97  79  99  82  66  21  67  95 
100  32  57  95  87  97   9  49  71  93  43 100  37  64  65  88  17  56  49  73  58  52  77  95  28  30  90  80  81  17  89  75  19  90  84  80  56  68  19  98  44  42  47  88  56   5 100  29   2  14  96  58  35  66  14  70  55  59 100   4  36  46  78  66  27   7  65  62  20  22   4  72  26  48  80  65  49   9  20  48  64  72   8  56  11  76  86  70 100  11  36   4   9  28  99  90  62  96  79  28 
 76  13  81  59  42  10  13  98  47  66   3  52  91   9  10  61  27  89  55  42  60  39  97   3  83  92  21  88  19  61  42   6  49  89  62  82   2   5  12   0  11  51  50  98  14   1   2  21  64  66  49  66  46  12 100   0  19   5  36   4  71  17  43  38  32  29  30  84  63  72  36  26  96  24  34   7  74  70  81  63  87  97  13  62  16  22  58  21  13  77  27  48   4  16  37  86  20   1  70  33 
 24  82   1  71  19  95  89  75  81  19  23  43  75  29  66   6  30  76  42  77  27  92   2  31  28  60   1  10  38  20  21  17  74  28  83  66  98  51  92  26  86  78  36  63  38  57  20  13   0  80  86  22  28   1  53  15  90  29  31  94  90  69  98  49  99  20  95  89  29   0  71  80  75  14  78  22   4  34  15  91  56  96   6  81  57  23  34  49  87  99  33  44  30  38  65  14  17  12  49  96 
 20  22  77  57  70  36  49  59  60  39   6  71  61  76  33  99  56  82  94  52  12  40  92   7  44  84  72  76  28  34  77  35  98  74  99  80  75   6  32  16  50  81  51  86  40  93  87  45  51  80  69  20 100  24  54  66  79  35  18   6  91  45  75  27  64  60  16  78  60  87  34  89   5  27  95  15  69  69  23  40  93  64  11  27  29  16  16  91  77  20   0  55  60  28  65   8  63  99  21  93 
 94  32  47  80   1  92  83  12 100  71  52  26  19  13  71  81  83  73  75   7  56  85   4   7  18  67  38  60  60  91  69  66  79  25  44  14  55  65  61  76  87  27  77  30  80  52  17  92  78  50  52  59  27  49   8  26  49  17  57  75  47  88  50  97  98  64  98  52   7  76  76  70   1  45  75  52  20  67  37  16  13  32  87  66  84   2  59   9  21  39  73   2 100 100   5  18  40   3  74  63 
 40  54  48  14  62  69  28  58   7  63  18   1  61  85  67  36  15   4  50   2  64  90  22  90  57  39  88  52  35  54  59   5  82  55   2  77  69  28  46  18  97  75  87  30  91  43  73   7  29  11  59   4  86  68  79  66  50  46  18  35  65  69  88  24  95  37  70   3   1  78  36  25  50  26  61  62  18   3  52  85   2   4  85  70  50  16  61  80  30  52  51  27  68  34  70  90  49  22  59  92 
 82  32   5  59  62  52  43  54  35  78  54  70  50  43  19   7  70  39  64  25  15  21  36  72   1  25  95  13  69  99  13  65  99  32  11  52  42  45  41   1  47  70   6  40  94  73  57  89  48  75  53  41  35  64  43  72  36  14  58   5  89  27   2  69  36  28  97  75  88   1   9  67   0  24  81  83   2  17  56  10  48  85  69  80  98  31  76  30   8  44   5  16  71  28  21  40  48  72   2  35 
 21  41  69  93   1  87  80  56  52  93  42  43  68  47  39  14  29  11  81  82  39  97   7  95  21   1  86  80  42 100  23  21   4  70  42  97 100   6   1  13  38  97  10  13  17  92  56  90  45  49  16  69  75  50  65  18   8  84  64  81  87  96  29  88  94  33  77  45  93  21  69  61  88  80  31  86  12  15  17  44  23  80   6  23  79  91  30  16  70  50 100  37  51  96  18  22  89  60  92  49 
 15  36  83  33  29  94  63  20   0  44  36  30   5  37  14   1  90  61  33  39  68  50  49  59  50  50  45 100  27  63  10  81  37  72  74  61  72  34  47  95  84  10  12  91  84  27   7  42  78  29   5  25  44  71  18  83  78  30  19  50  28  78  82  95 100   9  84  98  42  85  47  79  24  16  34  43  69  67  43  39  23  62  76  22  35  72  43  20  95  14  50  93  13  24  34  82  78  38  23  56 
  3  64  37  37  94  52  19   3  86  49  39  29  57   4  50  77   9   6  23  90  87  26  45  31   1  91  14  37  78  63  46  58  31  35  62  71  98  98  97  87  43  81  63  70   2  86  12  32  78  63   5  43  76  70  84  39  14  92  34   1  12  85  88  28  75  38  42  73  42  94  82  40  61  80  34  91  82  31  68  46  36  85  99   1  98   8  75  53  29  46  60  83  10  27  18  58  52  72  26  56 
 66  22   5  21  30  42  91  17  53   5  20  82  55  57  49  26  32  47   4  28  23  41  79  18  41  70  95  44  41  67  42  86  37  91 100  79  44  93  34  43  68  23  59   6  54  80  23  69  62  43  81   4  63  49  62  65  26  85  77   9  53  95  85  22  99  76  62   6  50  17  44   2  39  12  17  35  99  51  16  19  47  20   9  99  61  95  78  38   0  51  73  93  43  20  39  47   6  71  87  91 
  6  77  11  61  79  13  24  82  62  83  68  86  85  54  63  38  77  31   1  15  13  33  46   8  58  89  23  90  53  84  64  93  83   8  75  71  68  49  62  40  69  51  85  44   3  18  18  82  27  73  29  29  64  32  80  87  73  97  52  91  87  36  92  36  22  51  81  30  14  33  43  26  52  80  19  75  35  80  46  38  60  44  75  93  80  44  34  90  43  68   4  80  77  33  45  49  41   8  61  44 
 45 100  65  83  75  58  94  95  79  22  27   1  88  91  73  85   2  38  97  56  36  17   7  92  84  48   1  18  96  40  78  33   6  89 100  42  45  92  58   0  74  43  42  25  44  17  25  49  18  88  92  54  65  79  11   0  73  13  41  99  96  46  50  82  53  42  62   8  27  81  97  73   6  99  94  85  28  87  80  89  95  65   3  18  84   0  15  75  39  19  20  61 100  48  83  97  21  44  92   4 
 31  62  33  90  34  37  61  47  72  26   7  19  18  75  70  47  82  85   9  79 100  40  35  97  82  49  22  22  75  60  76  88  97  67  95  81  69 100  46   9  59  58   9  65   6  51  63  43   8  34  80  77  75  38   0  62  97  71  98  60  36  22  73   7  97  34  10  38  45  47  76  89  62  91  91  64  35  17   9  81   4  41  20  70  15  52  96  82   3  95  87  61  14  59   7  47   2  60   6  85 
  1  11   5  48   7  36   5  87  44  33  40  91  11  40  13  69  30  30  40  97  84  74  20  28  17  23  81  21  26   7  46  16  72  56  62  67  96   0  22  61  72 100  52  87  67  81  34  68   6  30  81  90  29  17  21  53  27  37  89  46  60  87  33  71  75  54  68  22  33  89  56  90  32  90 100  97  64  33  14  73  77  30  72  18   5  17  28  66  94  31  55  99  91  29  68   8  15  45  87  36 
 74  35  55  58  57  15  43  79   1  25  75  78  60  76  84  46  83  15  48  60  54  18  88  14  34  40   8   2  97  86  64  33  15  34  38  32  56  64  50  27  89  82  38  24  93  77  68  28  13  44  26  87  79  11  47  29  15   4  35  67   9  22  99  16  72  67  72  56  29   6  63  17  13  64  51  41  78  19  44  73  23  53  48  31  65  93  58  40   4  13  98  39  63  28  20  91  63  29  30  83 
 18  83  46  13  51  11   5  78  58  62   3  66  10  20   6  83  91  80  65  46  43  65  63  41   5  81  88  13  84  25  72  95  77  44  55   5  43  89  23  45   6  58  54  64  73  35   4  37  28   2  14  47  52  45  70  79  68  92  87  17  79  86  92  83  22  48  20  41  24  59  86  43  87   7  32  39  99  28  64  73  45  82  12  30  81  77  29   3  88  52  84  71  66  87 100  28   4   8  36  21 
 60  30  98  19  40  65  68  26  45  18   8  99  59  39  21  41  24  88   4  71  21  56  66  28  90  25   8  24   5 100  71  69  57  67  64  45  86  51  55  58  81  85  82  56  15  17   5  22  93  13  79   3  19  54  68   0  22  90  63  57  15  44  60  11 100  30  32  65  33  88  92  98  45  25  72  23  17  45  14  45  65  79  12  49  92  22  40  37  78  17  73  90  76  34  30  80  36  75  42  57 
 48  48  72  71  40  39  85  94  88  59  93  49  34  49   6  52  12  34  23  53  83  20  44  14  70  39  61  97  74  63   0   5  81  15  21  85  24  75  98  43  64  29  65  50  86  53  33  19  45   3  54  25  37  14  36   9  93  74  66  21  88  18  61  62  45  16  64  36  86   3  11  69  89  64  39  60  49  48  14  84  82  94  21  77  74  63  78  22  87  43  75  49  30  87  28  45  27  41  47  30 
 15  80  17  48  88  87  35  18  45  78  23  15  90  29  34  26  57  34  72  91  46  37  37  51  36  59  95  95  29  63  25  19  83  29  31  58  59 100  87  83  87   1  54  29  51  76  64  83  76  67  14  83  26  26  11  59  67  56  49  93  97   5  21  83  36  49  25  33  39  81  53  60  76  10  65  46  19  25  42  39 100  56  68  65   1  28  86  40  13  78  39  17  94  50   3  70  97  57  67  83 
 60   0   0  61  62  43  82  13  57  31  19  95  80  25  48  93  70  11  96  94   8  31  88  86  83   5  64  95  56  27  41   5  97  33  62   9  38  46  26   3  32  26   9  40  57  11  64  55  38  90  68  31  31  98  90  67  22   4  36  41  68  29  42   5   8  58  40  64  89  27  66  27  88  27  56  86  64  34  86  27   4  22  69  83  99  11  31  99  22   3   6  65  42  74  33  29  57  18  18  15 
 72  11  50  68  47  54  27  12  18  29  84  38  36  27  51  27   2  13  98  64  42   7  20  97   8  15  49  30  81   9   9  41  32  80  18  27  78  48  90  36  41  78  40  25  67  74  23  50  49  19   6  16  63  22  35  53  16  38  54  61  37  53   9   2  34  23  77  27  62   1  29  47  91  71  77  26  12  88  87  58  97  41  48  46  46  39  41   8  61  39   8  71  62  17  53  77  74  57  37   7 
 65  87  53  27  42 100  81  61  85  98  62  53  76  36  19  77  84  52  85  34  20  15  27  77  81  61  94  55 100  85  52  13  36  51  49  10  26  93  54  98   9   8  42  53  16  78  74  24  31  67  76  30  35  55   2  23  30  27  48  10  76  19  20  79  92  69  46  40  63  47  63  12   5  84 100  87  52  67  45  10  30  20  40  45  73  59  67  40  79  92   2  36  51  88   1  45 100  46  59  31 
 96  57  54   5  14  71  62  57   1  81  65   0  52  14  11  28  28  55  60  31  99  59  75  57  41  13  85  14  74  95  83  45  74  49  84  48   6  84  22  55  24  22   4  84  70   2  27 100  49  20  78  96  17  30  80   7  87  27  84  60  21  72  41  63  42  73  73  77  58   1  49  75  12  48  94  53  44  79  47  54  73  68  39  87  59  13  85  43  32  55  89  32  42  86  53 100  79  79  32  87 
 31  86  74 100  34  14  95  40  65  29  84  74  31  22  36   8  61  79   7  34  50  21   1  33  28   7  72  55  17  92   4  84  39  15  76  14  67  61  41  52  75  74  84  63   8  74  89   0  49  52  97  29  34  29  21  41   0   2   0  37  65  65  83  19  25  16  55  52  64  70  89  62 100  98  20  51  69  30  58  87  54  26  96  10   1  44  15  68  23  63  70  97  63  82  75  53  35   8  53   5 
 38  43  88  94  67  89   4  93  98   5  34  84  26  49  94  46  29  55  98  69  83  45  38  26  43  22  32  50  35  25  29  91  36  11  72  57  84  88  70  13  74  74  57  45  44  72  86  39   8  97  40 100  89  79  60  29  28  21  49  56  12  50  54  88  85  37  89  13  14  49  40  13  17  14  37  38  68  31   9   6  36  74  49  81  29   2  17  41  86  72  93  10  17  12  68  98  51  41  65  26 
 69  60  81  25   5  27   2  84  25  73  34   8   0   0  19  74  86  58   0   3   7  95  94  29  51  87  90  19  52   9  39  54  86  67  21  88  51  66  28  38  95  48  61  48  99  79  36  13  66  77  50  95  68  38   9   1  98  52  94  40  36   1   8   1  84  95  61  48  55  86  73  89  14  81  35  85  48  96  20  68   6  56  75  87  57  38  62   3  80  25  17  74  55  28  34  34  89   7  60  59 
 60  66  29  88  60  24   9  17  12  69  67  20  74  91  99  23  15  69  23 100   4  96  89  33  43  27  12   9  82  58  68   3  16  23  55  76  42  46  81  52  29  19  16  38  83  86  33  96  66  22  96   4  33  63  72  14  44  91  37   1  27  27   3  86  28  69   5  45  16  30  76  94  31  14  39  56   4   3  71  71  91  95  51   9  97  19  92  78  71   6   2  61  98  61  20   7  80   5  37  21 
 71  48  60  12  69  33  84   2  18  65  81  25  71  91  63  91  97  13  33  44  12  96  35  48  42  30  24  80   7  33  88  20  11  41  98  72  44   5  80  69  11  96  24  32  65  18  35  98  15  80   3   9  51   3  51   6  91  72  71   1  34  35  47  42  31  12  53  81   6  23  72  58 100  48  88  42  80  61  55  15  98   3  34  59  36   6  37  32  80  62  23  21  54  51  25  26  33  37  67  55 
 42  53  54  67   8  96  67  75  56  21  81  72  74  64  14   3  74   1  95  39   6  86  41  83  65  47  63   7  23  71  79  95  76  69  98   9   2  72  43  49  17  11  56  90  32  92  31  97  53   0  86  71  38  58  33  97  51  68  46  53  64  52  39  53  57  98  36  88  79  31  70   4  39  16  84  86  14  60  50  82  48   9  30  92  72  57  34  23  55  10  55  35  16  74  92  46  78  37  69  92 
 35  37  79  72  54  63  36   4  63  33  10  50  64  36  84  24  53  62  67  37  99  41  39  75  31  34  63   7  70  68  56  25  72  55  41  89  16  24  53  10  91  26  81  43  88  69  63  96  27  63  76   2  66  10  82   1  75  26  19  46   0  76  14  94  38  51  32  20  69  53  95  63  53  40  54  86   3   9  75  86  91  68  17  54  90  79   3  74  99  83   2  74  20  15  33  37  81  81  28  33 
 61   8  62  97  45  99  55  51  87  41  76  73  48  49  41  67  55  77  17  76  95  14  96  52  18  28  35  70  27  41  90  38  73  71  32  15  41  56  26  41  14   8  58  97  94  81  68  72  65  20   9  41  71  44  45  60  96  39  60  20  46   2  98  45  83  15  24  21  93  27  56  74  74  57  40  15  39  45   1  48  90   8  26   3  69  83  35  24   1  85  81  22  46   2  49  99  73  59  77  91 
 92  56  96   2 100  40  42  71  19  67  32  90   9  19  25  64  61  97  27  71  71  70  81  30  58  39  68  88  98  24  81  57  97  72  68  43  92  86  74  34  21  41  60  34   3  12   9  17  24  12  73  87  96  33  21  16  58  57  62  93  13  38  27  61  66  72  17  56  12  55  67  53  26  24  43  39  10  82  47   0  31  73  26  76  56   7  95  14  94  77  86  29   3  89  95  43  77  24   7  36 
 91  70   0  84  82  90  90  47  22  15  97  79  40   6  90  90  73   6  98  14  38  74  69  56  70  16   4  18  13  99  57  65  21  86   2  85  27  48  98  81  90  30  57  94   6  97  89  27  62  53  38  81  28  37  47  78  60  54  82  90  41  39   2  67  64  74  29  26   3  58  75  41   7  44  35  66  62  30  26  32   2  10  14  32   4  48  56  16  30  28   3  53  71  47   9  98  50  72   4  68 
 21  68  67  83  69  49   3  37  44  33  89  95  30  82  58  17  57  82  16  54  93  90  33  93 100  90  16   1  34   0  75  44  24  96  34  46  92  72  80  95  96  33  37  23  19  50  66  81  84   3  70  21  82  27  27  22  89  97  67  78  81  28   8  73  41  16  98  21  70  93  19  26  31  93  76  89  28  73  62  11   0   9  23  33  56  92   0  34  44  42  30  32  59  54  98  12  81   6  62  65 
 36  63  45  23  61  14  91  52  84  16  47  67  55  33   4  74  33  89   0  23  25  92  37  12  55  18  95  15  81  71  65  27  49  81  11  70  25  92  67  62  50  53   5  18  18  73  40  23  53  70  28   0  14  94  41  21  32  18  22  58  24  50  43  52   2  74  51  97   5  43  63 100  56  69  67  37  73  69  10  38  51   2   4  75  95  24  58  75  91  73  33  42  56  26  29  36  24  27  89  83 
 60  64  84  60  92  55  83  16  14  73  54  91   6  12  57  73  48   9  19  26  46  55  20  32  73  72  47  60  86  83  35  69  85  15   0  28   6  14  35  82  33  89  85  10  52  88   3  17  37  64  46  94  23  12  54  68  14  39  65  57  22  40   5  60  88   6  63  92  33  48  24  62  27  27  16  68  23  69  94  79  92  64  16  29  25   0  49  28  36   4  52   9  97  78  81  15  93  76  49  50 
 68  95  17  48  17  94  18  60  81  33  96   4  55  82  25  47  66   9  81  83  54  76  22  66  71  85  16  88   0  97  70  89  83  13  40  88  72  18   8   0  42  57  84  31  96  78  40  28   0  71  42   1  75  28  20  59   6  77  92  31  72  50   9  18  26  95  72  58  42  43  24  15  54  89  79   8  97  43  70  75  89  34  73  25  65  13  94  93  82  69  90  50  16  36  36  91  44  78  91  73 
 23  24  73  15  51  13  13  38  83  67  54  85  36   5  44  63  99  29  22   0  48  79  32   8  27  15  21  96  84  63  31  35  99  70  16  15  47  14  78  19  90  57  14  35  28  88  37  41  49  99  15  68   0  90  13  93   9  66  36  54  88 100  22   2  27  31  31  44  58  42  79  86  80  57  47  71   3  59  40  66  70  39  75  70   9  93  39  17  95  23 100  40   3  98  25  62  52  46  34   5 
 49  50  69  55  59  42  81  41   6  67  37  69  43  47  60  46  12  94  58  99  56  20  68  97  98  74  86  41  62  52  12  20  16  70  14  30  18  80  71  83  93  44  59  75  91  73  12  78  54  13  50  27   0   1  14  20   9 100  87  92  78  53  60  99  23  67   8  65  91  25  11  45  41  79  26  18  86   0  96  62  31  14  14  57  28  72  52  11  58  47  68  18  50   3  92  51  29  32  66   9 
 66  13  32  25  95  48  82  73  86  66  77  57  16  23  19  45  48   8  12  20  17  22  83  45  24  36  58   7  69  22  94  45  40  45  69  69  81  89  89   6  37  89  19  74  92  88  65  45  86  80  47   1  78  59   4  19  72  42  18  87  48  31  51  53  42  55  57  35  60  91  35  12  50  15  27  75   5  57  38   9  95  24  97  21  80  50  56  71  84  88  99   5  82  13  52  78  10  65  57   8 
 84  28  30  51   7  96  63   4  77  39  54   9  57  59  84  92  22  64  12  69  19  73  73  66  30  79  83  84  25  50  94  39  29  59   1  77  95   9  37  83  88  66   0  81  97  52  75   8  35  41  82 100  63  68  34  71  43  23  71  97  28  49  26  22  66  37  70  85  96  23  75   9  53  68  69  85  47  95  75  90  64   7  32  42  84  36  10  40  41  72  41  74   6  10  51  24  12  79   3  78 
30  8 19 16 31  9 37  6 42 48 41 20 44 28 12 27 14 42 39 25 32 37 41 24 13 34  6  4 30  3  6  2 16  2 45  2 24  3  1 10 28  5 31  9 40 19 28  5 33 16 21  9 13 16 14 23 41 11 36 11 22 40 38 22 22 19 24 39  2 41 34  9 12 12  6 26 19 43 21 42 27  5  4 35 28 48 38 50 39 27  6 41 34 25  2 34 31  7  1  5 
27 50 14 29 48 38 33 16 26 35 36  1 18  9 41 32 22 16 35  9 12 50 32 44 32 10 32  4 30 32 25  1 19  5 11 38 41 24  4  7 24 48 21 24 18 48 40 11 40 22 22 45  5  9 34 24 39 31 25 37  7 47  1 25 30  5 27 10 10 19 48 11 25 33 21 34 24 44 12 23 43 14 37  2  7 42 13 19 28 47 30 24 40 28  1 42 14 49 29 44 
24 47 36 48 49 47  8 19 46 26  3 32 46  3  7 30 22 24 37  7 49 36  7 44  4 23 38 27 17 42 35 14 17 10 19  7 24 11 45 27 41 19 50 38 44 42 21 12 37 49 44 11 40 45 17 24 50 42 12  8 45 40 17 47 21  3  5  8 13  3 44  3 32 32 13  4 45  5  1 21 24 21 45 13 22 44 13 50 47 25 23 42 44  8 44 10 37 39 44 30 
12 33 28 25 14 45 29 37 19 18 46 43 24 41 48  1  5 31 32 13 22 26 16 17 39 24 11  4 32 34 43 41 11 15 36 46 23 37 40 35  5 49 47 25 42 22 35 46 16 27 38 48  3 50 28 11 47 14 12 15 21 31 15 28 42 12 12 25 50 19 28 11 50 14 37 50 41 38 10 10 22  1 40 35 29 45  8 22 32 11 43  9 41 42  9 27 47 46 18  8 
 3 46 12 28 17 38 46 39 12 17 11 11  1 16 10 39 18 45 17 44 29  8 46 10 16 13 41 44 11  3 11  8  3 46 17 34  5 40 13  2 24  7 11 21 50  5  5 20 41  4 38 25 30 31 36 31 36 12  2  9 22 46 22 24 21 46 42  9 46 15 13  9 38 48  6 50 13 47 33 40 15  4 42 38  7 24  5  9 29 39 49 14 20 34 28 45 48 16  9 44 
34 21 45 29 46 49 40 25 45  3  7 24  9 35  1 49  1 17 37 26 39 30 35 15 28 26  1 50 11  6 33 44 46 13 27 16 19 26 13 25  2 24 19 45 21 41 30 24 48  5 47 48 33 36 30 48 12 18 46 35 23 17  5 50 41 27 20 18 29  1 26 32 42  2 23 44 11 40 23 22  9  2  7 46  1 42 31 36  6 22 41 46  4  3  6 20 13 46 11 23 
14 24 11 30 38 40 19  5 20 10 35 24 28 25  9 40 25 40 35 26 14 45 20 17  2 26 48 45 25 17 50 30  7 45 10 31  3 20 14 10 16 16 13 13  4 17 24 31 40 40 37 44  9 23 44 12 42 17 37 42  3 21  5  7 13 46 21 31  9 50 45  8  3 13 50 19 46 39 22  9  5 13 17 40 38 26 25 29 26 11 40 37 25 47  3 37  6 25 33  8 
25 20  8  8 34 29 46  4 27 25 40 12 28  6 24 35  3 28 35 45 14 34 43 42 10 24 45  3 39  5  6 47 23 24  5 47 23 48 27 31  7  5 22 20  3 42 12  6 25  4 15 19 19 32 40 13 47 48  6  9 44 45 13 47 28 20 19 18 21 46 40 19 36  8  6 36  8  8 47 15 10 41 24 42 37 29 42 37 44 21  7  9 10 21 17  7 29 28 18  4 
28  1 42 44 21 42 39 35 18 40 11 22 48  8 23 36 17 49 13 13 31 23 43 29 41  4  3 42 37 41 44 27 16  6 32 40 41 46 29 25 19 14 16 23 45 19 23 47 50 26 24 42 45  6 39 12 34 12  1  2 38  6 46 43 37 44 16  2 27 14  8 23 13 48 20 48 16 31 45 40 12 25 44  4 47  8  6 18 15 29  7 39 15  5 27 11 11 31 32 40 
 1 50 44 17 16  1 22 49 22 30 26 31 13  6 48 10 16 16 41 27  7  7 49 45 24 28 27 19 36 45 26 39 31 12 39  2 41 31 18 20  2 35  9 23 13  5 47 18 30 25  4 46 27 25 34  7 32 50 12 12 13 17 39 44 27  8 28 48  6  3 12 15  3 22  8 12 50 49 40 46 45 46  1 12 44 19 17 11  3  5 28 11 22 30 30 50  7 22 39 20 
35 24  2 11 33 34  9 11  3 43 36 43 11  4 35 30 39 43 22 38 24  4 20 21 15 14 11 41 12 43 30  6 44 14 36  8 44 21  8 28 35 12  4 13 23 30 10  3 29  2  5 25 29 44 32 22  7 31 25 28 45 49 28  4 23 18 36  8 42 40 13 18  7 27 35 44 23 17 45 30 12 34 48  5  1 35 43 35 16 11 32 45 20 38 34 29 24 18  2 23 
44 37 38  8 21  7 37 27 47 49 40 14 48 15  1 38 45 21 28  5  8  4 10 23 37 13 16 30 16 22  1 14  2 25 41 16 27 41 34  1  4 28 48 46 37 14 42  4 19 10  8 32 41 33 43 47  5 47 13 49 46 17 41 13 21 14  6  7 14 16 27 15  4 13 48  7  7 49 11 33 48 10 31 16 20 13 32 19 42  8 14 39 17  9 44 38  5 47 33 14 
 1 43 42 30 38 23 49 40 39 25 36 20 21  5 11  9 50 45 20 17 10 23 11 17 44 40  5  3 35 42 40 45 40 36 50 26 24 44 15 50 41 48 41 25 34 44 34 13 41 13 46 38  9 14 19 25 27 18 24 25  6 29 46 48 19 43 15  2 32 48  5 46 22 49 25 23 47  4 50 18 19 30 23 33  8 38 34 49 33 15 10 29 36  1 25 20 22 38 29 41 
 5 26 45 23 25 17 15 37 12 12 19 42 22 29 41 31 49 27 31 29  9  2 29 24 30 17  3  5 43 14  5 25 42  9  1 40  8  4 32 47 19 28 35 29  4 10 35  1 44 36 47 22  1 42 32 38 18 30 16 38 21 28  9 13 28 32 31 16 16 43 42 11 21  2 22 11 29 23 32 43 18 22 12  7  9  1 17 37 37 25 20  1 49 27 38 39 41 14 39 23 
19 47 21 15  8 16 19 46 24  5 34 42  3 39 19 35 15 27 37 41 17 25 49 33 28 26 39 34 10 20 46  8 48 22 29 10  7 18 45 21 48 41 33  3 32 14  5 41 27 34 28 16 25 16 35 30 21 46 43 41 20 38 30 41  8 21 36 29 26 31 20 38 35 42  8  5 39 15 18 49 50 26 20 10 18 46 41  4 38 49 46 12 45 38  9 19 30 35 29 32 
16 20 25 22 47 32 35  8 15 22  3  9 11  9 35  4 48 25 14 38 47 30  2  5 30 46  4 36 27 41 41 17 27  8  4 25  6 21  6 45 35 50 31 28 25 49 12 42  5 33  3 27  9 18  8 35 29  8 20 42 28 45 19 16  7  4 10 39 35 14 11 31 13 40 38 19 27 14 24 14 12  1 42 35 50 38 24  4  3 47 42 49 28  4 44  8 16 39 49 25 
44  2 29 26 20 12 24  9 16 38  8 35 27 10 43  9  3 46 22 40 24 36 22 45 27 15 48 11 22 20 21  6  7 12 35  5 45 38 37 32 34 44 27 13 33 27  4 37 32 46 11 25  8  2 50  3 26  5 48 39 17 23 42 15 40 49  6 43  6  5 22  2 27 16 34 48 29 29  9 42 47 34 45 48 15 34 21 14 35 26 26 46  4 36 31  5 14 12 28 36 
39 21 19 28 11 23 27  5 40 40 34 45  2  3  2 43 22 31 39 14 10 49 45 25 18 34 16 50 15 42 13 34  2 33 12  3 14 31 32  2 13  5 20  7 15 21  9 12 27 25 33 43 10 49 14 10  9 22  5 28 19 21 49 14 25 38  4 10 47 39 48 21 30 40 24 30 29 38 33 25 49  1  3 17  1 14 47 31 40 14 46 30 16 43 41  8  8  4 46 14 
27 26 43 22 35  6 35 20 26 10 19  3 11 25  7 17 12 40 39 42 44 12 19 20 20 34 12 36 44 13  6  2 35 23 16 30  7 15 11 18  8 25 17 21  3 24 33 45 23 49 49  5  6 43 46 42  6 47 18 31 33 24  5 46  8 16 10 37 47 31 23 47 45  5 31 11 50 46 22  8 27 27 23 10 19 18 15 45 46 31 36 18 20 13  3 11 39  1 16 48 
16 44 39 49  7 13 37  1  2 44 48  7 33 40 48 50 12 16 26 22 42 16 19 25  9 36 16 26 33 12 43 24 35 44 47 45 32 47  4 31  2 31 29 46 49 11 29  4 16 10 47 35  1 37 46 33 18 46 11 45 22 27 44 19  1 15 44 21 31 50  1 11 19 36 18  3  6 26 15 28 35 15 45 41 17 49 12 33 20 36 12 47 29 14 15 33 46 19  3 31 
14 12 30 47  1 25 45 45  8 44 14  1 14 49 29  9 37 17 37  7 37 31 20 16 25 24 25 38 10 23 50 40 14 20 15 49 49  1 34 18 19 34 50 17 43  2 18  8 36 44 37 34 34 43 15  9 23 41 37 34 19  4  4 27 22 30 32  1 13 47 22  3 19 13 36  8 12 46 12 23 17 44 50 43 33 27 10 24 11 19 29  6  4 40  9 15 24  8 25 23 
36 27  6 36 14 13 48 30 41 23 14 13 18  3 14 30  4 11 16 40 17 26 26  8 20 37 21  5 50 26  7  7 35 30 50 21 16 42 30 33 32  9 47 31  7 10  1 21 28  3 22  7 47 38 26 20 30 31 44 17 45 17 28 42  7  5 21 44 10  6 18 37  7 34 11 14 19 41 31 35 18 20 26  8 31 44  2 40 26 13 38 16 14 11 48  9 11 49 32 27 
15 49 47  7 50 13 39 42  2 45  1 31 15 19 47  5  8  7 24 43 18 14 31 48  7 21 34  6 28  1 16 16 37  3 34 35  3 19 15  1 31 45 16 32  9 16 25 39 15  6 23 46 22  5  5 33 44 17 27 25 19 14 34 36 26  5 11 21 37 42 37 29 26 42 32 34 38  9 50 26 47  1 13 24  2 48 32 31 28 22  5 18 15 50 14  6 34 27 10 12 
39 35 17 40 21 39 31 19 43  4 22 19 27 30  2 49 45 12  6 35  9 49 50 45  6  1 19 32 25  6 12 12 11 43 50  1 47  9 11 23 34 50  2 37  1 16 46  2  1 19 15  9 49 12 33 38 50  8 36  2 40 35 39 16  3 10 48 14 16 30 32 29 33 26 13 31 50 39 15 10 30  9 10  4  7  4 49 24 14 39 27  9 43 12  2 25 50  6 18 11 
20 12 34 36 27  4 29 39  6 43 42 27 21  2  7 31 34 20  4 18  6 26 32 31 29 19 43 18 21 30 49 39 22 29  4 19 42 22 14 25 18 13 19 24 42  9 23 19 30 25  8 23 47  3 32 13 32 50 26 18  1 49 41 48 42 35 31 26 37 48 24 35 49 33 29 18 21 30 17 10 45 37 25 19 40 50 46 31 48 12 22 46  6 41 19 46  7 36 46  4 
41  2 36 38 33 23 33  9 10 49 34 38 23  7 34 43 23 12 16 13 19 45 16 38 23 47 37 10 26 21 17 49  6 47 45 43 36 12  7 46 15 21 16 43 27 13 12 28 22 13 25 26 21 47 30  3 20 44 32 33 20 46 22 41 39 45 42  1 26 24 30 42  9 30 47  6  3 47  4 21  9 10 28 29 28 11 22 50 21 29 27 20  6  9  8 32 47 33 50 23 
50  6 50 38 15  1 35 36 42  6 19 16  8 21  2 41  1 18 10 45  1 46 21 40 28 43 41 16 44 48 50  5  8  4 21 12 23  3 16 42  8 43  5 13 35 21 16 40 15  4 44 15 22 33 22 15 48 17 31 12 18 19 19 16 36 37 41 36 45 24 23 18  2  6 29 42 48 37 10 27  9 49  9 35 45  8 15 18 12 50 13 16 26 48 45 12 18 23 24 49 
 6  4 29 40  1 19 25 34 13 45 12 36 11 50 37 32 13 48 50 37 38 24  8 32 29  8 27 28 35 38 41 12  3 26 12 28 17 45 28 20 27 43 31  9 19 35 11 22 21  1 40 41 10  8 50  8  9 34 24 25 33  6  5 21 41  6 47 48  3  7 33  4 14  7 30 50 13 34 24 41 33 41 20 15  6 31 19  6 45 32 18 11 37 45 22 19 19 50 41 46 
26 19 17 50 24 35 42  5 47 27 34 15 38  3 37 20 15 34  1 47 49 23 25 20 30 20 27 36  4 43 18 50 15  1 13 47 43 39 11 12 32 20 49 42 12 28 43 27 20 21 10 24  1 37 32 33 28 28 38 30 26 45 50 13 20 15 13 21 23 41 29 24  8  6 25  6 12 39 12 33 46 22 21 35 33 26 11 31  5 23 16 47 20 41 18 37 20 41 40 27 
33 40 35 33 11 16 33 30 42 39 37 24 47 23 38  9  5 26 11 14 49  7 20 22 46  3 29 15 50 19 22 42  4 41 30 32 12  4 19 30  3 15 45 38  9  2 48  7 47  6 26 50 12 19 43 22  5 13  8 47 47 38 15 17 32  6 13 17 41  8 22 38 47 44 23 14 45  3 37 14 43 16 38 33 43 36 30 40 25 44 13 15 48  5 22 15  9 49 25  8 
22 11 47 28 49 45 25 18 27 45 36 29  6 44  9 47 39 44 43 33 38 47 12 42 49 31 41 16 47 20  2 23 36 43 35 48 47 33 43 22 40 21  6 39 15 20 23 31 14 44 10 36  9 39 11 37 30 16 50 45 47  8 50 12 23  8 46 23 32 32 23 29 24 23 33 22 46 50 39 38 15 12 18  5 10  8 14 22 12 27  4 25  1 43 35 24 17 32 24 28 
14 38 38 27 27 29 32  6 18 41 34 12  7  7 21 25 29 14  8 10 50 18 21  4 38 29 26 34 37 34 37 18  4 15 19 18 26 31 11 26 19  2 20 25  4 32 36  4 14 48 42 24 15 31  7  1 39 34 25 45  3  3 30  7 50 23 42 32  8  8 26 10 17 24 48 41 15 16  5  8 47 29 19 39 11 26 14  2 48 31 12 19 10 29  5 17  5 33 12  7 
 4 41 14 22 49 44 17 41 27 24  3 34 30 11 25 32 17 23  9 24 27  4 44 39  2  3 33  6  9  6 41 44 46  6 33  1 18 25 35  2 36 25 21 29 50 45  8 20 17  5 37 33 21 11 26 19 24  4 12  4 49 33 45 28 30 48  7  7 30 17 37 18 41 42 18 47 18 26 47 31 46 23 39 13 21 45 31 29  4  8  6 11 10 19 18 36 36 38 29 49 
14  6 32 32 32 50 42 48 41 18 13 19 23 35  3 31 46 26 32 43 39 41 36 43 18 29  1 40 19 31  5 39 10 29  6 31 11 20 28 40 32  4 35 30 27 35  9  9 22 32 25 43 12 11 16  6 33 16 41 21 32 21 26 29 10 17  7  2  1  8 30  1 33  1  7  4 29 28 43 15 44 46 22 43 46 31 38 29 25 24  2 38  3 30  3 38 12 50 22  9 
24 13 18 25  9  2 47 13 41 31 45 43 32 21 36  2  7  3  1 24 28 43  5  6 13 31 36 35 17 10 35  6 23 32 45 18 31 47 41  2 32 35 40 43 24 39 22  9 44 34 44 43  3 37 31 14 40 34 33 18  8 24 49 20 39  6 45 46 47 15 29 47 49 38 13 36 34 19 30 39  2 18 29  8 38 34 21 47 21 47 19 25 38 23  5 23 30 14 39 49 
47 32 32 30 12  2 17 31 28 10 42 40 10 42 30 24  1 48  6 31 28 32 47 25 43  3 29 41 15  3 43  6 19  4 48 19 36 45 24 35 33 21 25 27 41 38 40 10 31  8 38 10 45 46 22 16 19 41  7 21 32  4 18  9 29 26  1 13 29 29  4 26 11 47 48 46 35  1 32  1 35 15 32 12 41 14 47 23 40 14 45 30 16 16 39 40  9 20 23 41 
12 45 37 48 11 29 44  8 13 13 30 42 39 24 29 32 20 44  3 50  8  8 24 15  9 38 21 36 24 42  9 19 22 50 10 46 15 49  3 45 18 50 48 10 43 26 26 36 25 46 47 44 49  4 42 16 28 42  7 42 24 11 14 15 15 47 26 43 46 14  5 33 42 36  3 23 28  8 12 17 19 20 18 14 26 32  8 22 15 46 14 35 32 19  6 43 18  5  9 17 
30 16 38 47 18  6 50 16 39  5 12  9 21 23 19 49 49 13 43 11 49 15 34 36 35 47 36  9 28 49 14 29 39 13 29 39  2 44 20 30 21 22 31 19 20  2 26 44 28 29  7 17  9  5 13  5 36 48 42 16  2 23 44 27 40 44 21 20 37 15 40 14 29 42  3 10  9 41 29 12  2 40 18 34 28 32 48 50 40 15  1 24  3 33  2 41 19 18 24 47 
24 44 49 50 12 38 49 17  2 23 24 49 30 35 20 23 31 29 24 17  6  1 23 40 17 19 23 48 13 45 36 49 17  6 50 19 20  4 41 33 39 40 23  9 30 36 29  4  6 45 41 39 35 26 42 31 26 32 36 49 47 45  5 25 45 40 12 15 11  6 26 11 31 20 27 31 19 38 36 34 42  1  2 27 24 11  9 32 21 18  3  6  5 32 30  4 16 46  2 50 
21 49 10 22 21 17 49 11  5 43  9 16 39  8 39 44  8 14  4 19 22 33 42 35 32 29 46 20 24 43 49 19 12 16 27 47 43 23 28 22 48 23 21 37  8 22  8 27  9 37  5 11 20 33 11 50 15 25 27  9 40 31 27 34 41 47 22  1 40 19  7 29 26 25 50 28 45 28 49 27 49 24  7 18 19 28 23 18 18 15  9  5 19 25 32  6 10  4 38 27 
45 27 37 41 17 12 14 13  2 36 38 16 46 17 13 26 32 29 11  4 22 21 30 15  9 42 29  5 22 38 25 41 38 32 38 34 11 48 12 12 11 15 50  4 36 29 13 20  1 14 14 32 49 36 46 28  2 46 46  9 41 16 43 30  9 24 47 36 14 18 15 31  1  6  1  5 33 21  3 35  1 39 34 27 20 40  3 44 28 21 44 12 10 46  1  1 27 45 15  8 
29  2 31 32 30 27 40 34 14 18  5  4 33  5 40 41 41 38  3 10  9 45 27 14 38 24 13 15 25 11 34  6  8 46 25 43 33 40 18 19 40 38 14 42 33 24 12 40  6 38 13 20 49 25  3 22 16 29 14  8  5 35  6 38 43 29  9 41 42  7 17  1 25  7 26  8 18 21 16 27  8  6 18 34  9  4  8 30 36 20 31 44 32 11 45 48 14 40 20 15 
25 47 24  2 40 12 14 36 45  5 33 24 23 29  9 21 37  5 40 29 15 45  4  9 13 17  9  6 11 16 25 15 41 35 33 41 21  6 22 31 23 35 35 12 48 20 12  2  4 35 11 47 13 25 17 47  6 49 20 26 20 13 26 46 28 19 15 24 18  6  4  5 41  3  1 48 47 42 39  3 48 36 19 26 24 44 44 40 41 15 24 15 44 39 11  9 40 31 27  2 
47 43 46 41 40 16  7 26 16 46 14  4  8 25  6 35  4 46  3  6 11 30 34 49 16 24 26  9 44 48 16 42 38  3 28  2 44 17 45 29 31 14 31 27 20 29 21 34 31  5 49 15 35 49 14  8 33 12 11 29 26  8 10 38 18 47 26 15 29 15 19 28 29 24 39 49  9  2 26  6 19 37 48 29 44  8 45 27 30 13 44 16 45 40  4 34 34 10 19 47 
42 44 43 49 46 26 31 19 13  4 49 17 16 42 15 15 28  4 40  9  6 10 16 27 32 37 35 12 24 16 12 36  3 29 50 38 36 45 14 41 31 37  2  5  7 25 29 47 14 24 35 24 26 31 37  6 29 48 29 43 38 47 12 30  5 24 37 29 18 48 28 31 21 14 42 39 17 49 15  1 12  5 23 19  1 16 32 29 18 18  3 46 42 33 29 48 28  8 37 10 
24 43 47  2 21 20 36  6 25 31  9 14  7  6 32 34 30 21 17  2 43 22 43 28 29 13 23 38 22 35 17 44  1 28 17 32 40  5 29 29 35 19 38 30 35 17 28 16 45 26  1 22 38  9 48 25 14  6 28 35 16 27 46 40 36 37 47 49 47 32 23  2 27 50 28 37 39 26 44 26 12 50 49 22 41 48 34  6 17 43  5  9  5 35 10 37 26  7 47 47 
34 34 45 14 49 33 22 26 43 26 33 38 48 37 14 37  2 22 39 24 12 39 41 40  7 42 21 45 42 32  4  5 40  3 37 12 19 17  7 29 35  8  4  5 33  3 39 32 15 28 42 50 48 38 20 49 31 27 29  2 10 37 45 40  4 46 40 37  3 33 40 47 24 38 48 11 13 32  3 26 21 25  9  9 19  8 23 11 23 13  6 42 47  5  7 31 33 48 19 37 
22 36  8 30 46 23 34 32 17 11 32 24  3  1 32  7 35 39 36 28 26 25 27 26  8 46 15  5 43 36 48 49  9 46 15 37 13 40 31 34 33 36 29 32 43  1 16  7 26 16 20 32 41 44  3 25  8 16 37 49 45  3 17 29 35 12 30 39 23 39 18 22 46 20 39 11 29  8 25 46 25  3 43 12 42  7 47 24 45 41 32 46  8 43 14 47 23 29 49 38 
30 25 33 26 47 10 36 21 46 15 40 38 16 30 34 16 21 19  2  3 27 18 35  8  5 28  7  4  1 45 18 25 22 10 48 12 35  9 50 27 10 21 12 11 35 42 22 22 32  3 11  7 24 40 25 28 15 14 50 37 46 31 32 30 33 11 28 20 42  8 15 46  5 35 44 28 27 20 22  2 21 26 49 49  3 32  5 24 31 30  9 21 41  3 39  6 48 24 23 46 
36 14 17 39 21 31 16 30 49 21 23 44 21 25 26 16 12 48  8  5  1 50 11 33 49 23 10 12 45 41 42  7 50  2 47 16 44  5 17 25 23 21  4 25 11 19 48 38 18 19  4 28 34 36 16 22 32 50 33 12 42 10  4 16 13 33 49 24  2 35 29  8  5 15  3 35 31  5  5 38 46 38 13 24 50 33  8 13 50 24 43 43 13 41  4 36 18 46 39 45 
43 30  1  7 23 16 48 28 34  3 40 29 38 36 41 30  9 38 15 16 38 29  3 16 11 18 45 40 19 29 35 35 49 45 12  7 48 17 12  8 50 12 42 50 31  7 29 43 15 28 19  6  1 34 37 27 48 44  1 11 28  4  1 36 47 32 39 50 37  4 44  5 28 28 16  2 15 45 11 48  9  1  2  2 46 21  6 29 12  4 11 31 43 12 22 13 10 26 12 36 
24 31 17 43 17 27 37 32 39 49 48 29 45 48 24 11 26 48 12  4 17  9 47 45 42 29 20  3 17 26  9 19 21 13 22 36 27 44 32 41 46 30 27 47 26 46  4 26 36 10 21 16  6 27 50 20  1 19 29  1  2 50 38 18 12 39  8 43 31 27 29 38 36 11 17  5  6 23 25  7 34 16 12  9  4  5 23  3 50 13  8 26 15 18 22 11 38 14 50 20 
11 39 38  9 23  2 18  9 33 19 36 39 41 29  3 40 18 44 28 22 21  5 40 22 41 50 33 21 27 10 10 20 14 16 33 19 11 40 40 36 40 22 19 20 44  9 40 41 26 50 21 16 28 36 50 16  5  4 13  2  8 13 11 45  2 30  5 40 43 22 49 16 38 44 30 40  2 45 28 49 46  7 33 14  4 21  8  6  2 25 26 10 47 32 49 26  2 46 43 48 
43 42  8 25 43  9 14  5 22 25 44 47 35 49 46 50 48 34 29 40 24 45  8 30  3 38 33 18 28 22 22 40 20 19 35 33 17 30 43 24 23 25  5 12 35 17 35 22 49 27 39  9  5 15 20 29 35 18 43 28 26 15 20 25 48 36 38 20 36 23 30 43  9  8  3 27 30 27 14 44 50 21 34 21 46 47  7 39 28 13 20 45 30 10  2 16 46 47 14  3 
19  1 33 24 44 44 39 30 27 30  4  2 35 49 17 47 15 40  7 15 38 12 16 15 22 26 50 24 28 50 44 28 43 26 47 29 16 23 19 14 12 47 49 17 48  3 41 23  1 49 35 35 42 44 39 27 31 20  2 24  5 40 22 14 10 47 19 49  5  7 48 46 28  7 34 23  7 45 26  1 47 50 24 46 44 42  5 49 46 19 50 47 28 14 45 18  3  7 33 24 
23 26 13  1  4 15 47 37 37 44 43 49 30 15 45 16 22 33  5 50  5 13 27 38 41 34 24  6 20 25 11 31 16  1 24  3 14 24 10 46  1 41 44 39 38 33 43  1 40 19  9 37 31 37 26 19  2 19 36 43 11  8 39 25 37 32 49 37 13  6 15  6 33 39  8  6 16 38 45  1 25 15 29  5 17 34 29 16 43 15 16 46 31 22 30 42 30  7 12  5 
41  9 36 14 32 48 21 13 30 30 11 29 47 35 16 48 49 26  7 18 42 31  3  8 26 22 12 40 35 48  8  5 25 21 38 24 19 38 34 17 38 15 11 35 43 43 42 23  8 34 23  3  6 47 50 10 30 42 27 14 11 13 48 16  8 10 45 44 48  5 11 50 35 19 50 25 42 47 21 19 16 27 42 29 15 47 11 37  3 43 14 19  1 13  1  3  1 43 44 20 
16 45 15 30 26 39 15 14 15 40 15 11 23 47  3  8 27 34 47 45 44 43  9 43 36 42 47 25 20  5 35  6 33 19 28 18 32 14 45 22 10 42 30 49 18 12 29 32 46 46 50 21 11 49 39 44 26 42  7 28 34 41 19 34 43 16 15 44 41 33 11 12 28 11 18 14 38  2 36  3  3 46  1 36 40 19 24 20 38 45 16 40 36 46 45  2  3 48 34 26 
46 13 35 28 46 15  1 35 31 13  1 30 25  6 34 50 14 11 30  4 31 21 37 14  8  1 10  9 14 29 34  4 35 35 41 28 39 24  7  9 11 35 20  7 21 24 39  4 23  5 12 44 23  9 11 37 11 34 13  2 49  2 24 43 29  2  8 44 25 11 27 14 34 18 16 46  5 32  3 35 15 42 50 50 47 37 33 24 38 18 41 11 25 31 32 34  2  7 35  2 
 3 12 34 34 20 35 11 33 42 26 50  2  1 45  9 16  1 43 26 13 25 16 36  1 46 27  6 21 49 43  3 22 38 12 30 44  5 16 37 21 23 37 28  6 42 47 19 31 25 36  4 32 39 49 28 45 25 34 22 49  6 16 16  6 26 24  1  4 24 27 19 22 11  5 41  6 26 46 21 17 17 12 14 39 19  9 28 16 27 26 32 26  4 50 45  3  5 32 41 37 
11 23 12 21 17 22  9 44 27 10 49  7 40 50 13 40  3  4 20 19 46 18 35 46  6 34 13 14 34  5 10 23  8  5 35 12  5 22 26  6  5 49 33  5 24 45 19 34  5 14 22 33 40 33 28 23 12  1  8 41 10  9 48 23 30 45 20 28 13 25 35 14  6 47 24 36 16  9 10  1 30 50 45 16 25 10  4 17  3 29 10 43  6 21 45 17 11 19 34 15 
25  6 26 33  3  2 10 33 20  2 14 18 25 36 33  4 45 41 33 24 23 35  3 28 17 29 26 44 49 27 10  9 32 48 49 29 32 22 27 11 34 13 41 45 35 11 28 50  6 24 20  9 31  2 20 13 15 45 50 34 34 28 35 24 48  8 50 32 19  1 50 29 12 17 32 44 16 30 21 36  7  4 32  4 45 40 12 36 29 40 28 30 17 28 36 48 31 38 35 37 
19 23 32 17  4  9  9  9 15 32  7 36 47 27 20 41  1 26 34 14 49 45 35 22 33 17  9 43 34 11 35 49 20 37 24  6 16 46  5 12 20 32 12 14 40 21 43 28 17 36 37 26 27 20 18  7 13  1 22 33 23 30  3 46 20 16  4 40  6  2  4 13 17  2 44  2 49 22  3  2 25  6 39 30 19 32 38 32 24  4  7 23  5 31  9 42 23 48 35 30 
42  1 45 35 28 19  1 27 39 29 40  9  1 38 20 11 46  6 24  5 31 44 37 18  5 34 31 31 41 22 23 34 23 39 45 35 39 43 48 28 31  6  5  4 42 46 17  7 23 48 27 20 15  3 41 41 12 44 28 18 32 26 29 30  8 26  2 25 29 27 19 21  7 41 48 41 23 44  3 37 33 28 25 47  5  8 25 26 22 35  5 34 45 28 45 13 21 34 40 17 
 3 14 47 42 37 17 38 44 42 30 45 42 25  2 30 47 34  7 31 40 17 20 31 15 49 42 46 24 13  6 24 10  5 33 28 29 27 22 24 47 18 24 17 23 30 50 31 24 19 31 19 48 22 12  2 12 43 39 41 42 29 34 16 44 33 12 18 49 30 36 38 13 27 20 14 18  2 22 41 45 30 48 10 41 22 37 26 15 29 24 19 10 41  4 43  7 34 36 47 17 
32 13 15 18 45  5 43 18 34 31 27 21 10 10 36 21 10  5 38 32 15 15 29 11 16 15 20 22 47 32 36 45  6 39 44 49 32  7 44 10 10 27  9 39 23 13 45 34 39 16 48 13 28 22 26 49 31 12 25 20  4  3 46 18 26 12 15 30 34 27  7 41 21 18 23 38  7 40  7  5 41 24 32 27 50 26 19 35 44 36  8 44 38 44 35 41  6  6  9 28 
50 14 13 49  8 27  9 25 46 12 37 12 19 50 39 40 38 18 21 43 49 37 16 41 14 49 41 43 39 18 15 37 18 31 50 36  2  5 37 30  9  1  4 46  8  8 49 15 26 46 31 30 49 25 29 25 31  7  7 39 38  7 50 46  2 18 44 18 26  8 10 42 34  6 16 46 33 34 24 50  8 36 13 49 25 41 23 44 42  2 38 36 20 47 31  6 18 18 35 44 
30 24 27 32  8 38 32 22  9 47 23 31 39 37  2 10 37 38 46 50  9 32 33 49 38 16 41 19  6 31 33 28 14 30 43  1 50  6 28 37 35 44 39 49 17 39  5 35 14 19 28 20 39 11  8 28 39 24  7 45 20 20 47  1  8  6  1 44 20 27 25 39 43  8 35 26  6 29 50 23 32 12 22 43 37  3  6 13 36 24 34 27 21 25  5  1 19 17 44 31 
 8 34 40 44 16 37 36 28  2 42 24  8 18  6 26 20  4 16 48 26 25 46  9 41 35  1 44  6 35 24 20 17 37 23 19 41 23 46  2 24 41 10  9 28 23 13 22 18  6 38 44  9 38 20 41 44 13 43  5 37 46 12 40 29 25 14  6 24 14  3 11 20  2 21  2 44  6 11 39 32 33 13 48 34 42 13 41  8 42 35 16 37 25 22 29 29 13 20 22 39 
39 44  9 34 48 32 39 29  7 49 37 38 20  2 41 25 21 43 36 39 22 39 46 43 40 43 48 23  7 42 50 15 40 40 12 15 10 45 14 17 36 23 36 47 46 30 40  3 17 10 34  5  4  5 50  3 16 42 25 47  7  9 12 24 31 38 23 27 26 29 29 10 27 34 29 38 34 44 13 29 28 32  1  5 26 18 50  9 23  9 32 27 14 41 42 23 29 23  6 44 
30 10 28 11  3 33 21 23 24 36  1 33  4  5 24 21 33 30 47 41 32 45 47 11 49 14 14 26 43 41 40 43 27 40 30 41  4 23 46 36 11 29  7 37  1 44 34 27  5 37 47 36 28 50  8 29 34 37 12 15 31 37 31 19 36 27 31 27 29 13 10 26 49 37 37 27 47 42 15 37 49 38  5  4 47 13 17 22 37 12  2  4 43 11  8 33  6 42 47 26 
40 41 31 47 42 30 41 26 30 39 39 13 46 26 50  4 37  4  4 45 18 27 14  6 44 16 22  1 25 12 17 16 37 29 43 37 48  2 21  6  1 40 36 50 29 38 10 17 28 26 11 23  7  9 26 16 27 20  8 23 34 15 39 16 22 32 47 17  6 26  8 18 23 45 25 20 25 22 38 46 17 45 21  5 42 19 40 11  1 16 39 10 42 11 28 41 19 13 25 24 
21 10  8 18 40 10 39 11 43  2 31 13 27 27 15 24  8  4 14 20 36 22 33 45 30 22 16 40 38 11 43 41 20  6 15 12 25 42 22 29 13 27 11  7  8 26 48 10 11 22 35 47 32 15 41 36 43  9 32 19 10 49 39 16  1 40 15 24 47  9 44 35 10 17  7 50 48 15 31  5 21 32  3 40 48  4 24 44 32  9 13  2 44  5 44 10 35  6 31 18 
48  4 14 18 27 46  6 48 13 14 19 49  7 47 25 39 50 28 38 48 45 31 43  9 22 43  6 47 20 14 22  4 31  5  3 38 44 36 12 34 17 46 47 27 29 24 22 10 39 27 47 25 11 20  1 31 15 10 39 11 10 29 39 14 49 48 18 23  8 13  3 28 40 47 34 38 12 32 29 25 39 25 49 38 47  3 20 28 17 14 12 35 34 16 27 19 27  5 39  2 
17 44 20  3 46 43  3  2 33 41  2 28 22  5 13 30 46 46 30 19 41 24 19 28 22 43 31 50  6 39 20  4 38 41 27 46 22 32 36 49 38 12 38  6  4  4 30 34 10 23 43 34 35 40 42 44 36 39 45 38 48 21 48 35 35 30 18  9 29 49 12  4 22  3 27 41 21 33 50 20 35  6 47 36  5 23  6 39 27 22 23 31 17  5 23 12 49 29 16 33 
50 13  1 22 37 10 13 21  4 25 18 37 50 22 19 48  7 19 49 22 42 37 41 11  5 14 44  2 22 37 32 10 39 46  8 40  4 39 45  9 21 43 32 42 50 41 28 33  2 41  9  2 34  4 42  3  3 29 49  1 42 41 10  1 42 40 34 29 27 13  6 24 24 20 37 16 27 20 43 42 19 26  5 34  2  2 28 35 39 21 22 42 19 29 32 32 49 40 26 11 
43 28 50 24 48 11  5  6 47 43  7 26 14 27 39  5 42  4  4 48 15 22 26  7 32 28  6 19 34 35 27  5  1 50 44  2 23 36  7 40 19 32  6 26 40 13 29 22  5 16 22 29 44 20 25 22 18 27 32  5 10 17  8 38  9  1  3  3 14  6 38 49  5 41 10 21 48 13 37 21  9 48 27  6 46 22 31 23 39 12 26  7 41 46 26 13 18  3 32 30 
50 17 44 12 36 46  5 38  2 47 29 23 45 10 30 23 25 40 38  7 36 27 16 32 47  3 47 22 21  8 21 38 40  7  9 32 17 29 23 47 48  4 33 26 50 33 11 35  8 37 11 10 42 14 34  7 43 17 39 30  3 45 18 42 42  6 24  3 50 17  4 11 49 20 13 12 19 46 24 36 30 45 15 36 23 25 17 41  9 39 43 17 37 47  8 24  4 50 32  1 
36 32 14 24 42 24 10  1 11 39 28 49 14 13 27 43 14 10 43 39  9 18 25  8 40 49 34 46  7 40  1 40 40 17 47  4 39  1 37 47 41 11 20 30 42 38  6 41 13  5  9  7  6  4  3 31 38 44 26 32 27  1 40 44 25 16 21 10 49 49 36 41  7 15 44 36  2  2  6 43 24 50 34 43 22 10 44 31 34 48 18 44 27 43 39 28 22 11 13 42 
44 25 14 22 38 23 13 10 13  9 33 10 39 24 20  2 12 30 37 15 11 17  7  1  7 43 40 29 26 15  5 48 41 11 15 48 42 24 46  9 42 29 20 19 21 42 45 27 21 49 48 38  7 27 25 40 37 46  5 46 50 32  8  5 45 34 15 38 39 29 47 10 43  8 10 17 46 26 15  5 45 23  3  9 39 32 50 47 29 30 17 13 20 11 23  3  8 12  1 46 
25  7 28  6 15 49 28 13 28  3 32 14 44 19 25 26 28 36 28 31 29 36  2 42  7 46 29 19 13 50  3  9 11  7 36 48 39 36 22 25  7 17  2 33 47 23 29 10 33 12 18 45  7 10 45 43 31 30 24 21 20  4 40 13 36  7 17 13 34 11 11 43 28 13 23 42 19 47 25 41  3 27  4 10 32 21 18 47  3  4 49 10 26  9 34 21 50 40 16 33 
25 46  8 39 47 31 40 45 23 44 42 18 18 15 38 47  3 23 12 25 16 17 38 47 27 41 23  1 25 48 37 45 45 16 47 27  1 47 38 34 13 34 13  2 13  1 45  7 27 35 20 26 15 24 22  5 21 44 24 39 42 44 43 49 18 30 44  4 24 24 26 28 33 30 32 48 32 44 34 15 27 19 18 12 28 18 48  1 13 18  9 45 50 16 11 30 34 17 48 24 
37 22 38  7 21 12 15 27 34 45 26 39 20 30 45 11 30 43 37  9 29 46  3  2 33 42 16 43 43 17 20 31 35 36 28 32  7 39 32 23 17 18  3  1 45 29 21 16  4 30 15 16 43  8 24 13 48  9  2 41 14 12 50 47 26 22 15 26 30 29 19 49  5 39 10 37 15 31 11 41 36  5 39 17  4 23 50 11  7 50 37 37 23 14 15 48 43 35 34 20 
17 31 42 39  2 20 44 41 21  7 11 10 19 39  2 44 34 36 38  9 18 37 17 14 41 29 36 17  3 48 48  6 33 16 27 31 12 42 42 16 45 29 35 36 20 25 41 36 44  4  6  1 48  9  6 43 11 21  5 17 38 12 21 26 15 19  5 28 29 26 37 37  8 43  6 34 40 13 35 45 36 37 13 25  4 24 49 33 49 31 31 29 38 14 35 42 47  3 23 50 
32 30 48 43 39 38 22 22 14 23 23 22 18 36 44 25  4 25 23  8 50 30 34 17  6 37 35 26 47 24 47  7 14 34 21 39  1 45 47 50 41 28 26  8 49 50 16  7 19 20 40  2 11 15 43 27 50 20 21  6 26 41 47 17  2 12 38 19 17 42  8 31 46 45 31 17  4 45 20 34 41 49 12 10 41 42 21 10 25  6  1 21 13 35 24 24 47 43 14 32 
50 35 18 16 20 45 36 43 13 47  3 31 39  2 46 29  5 45 36 44 31 40 31 29  3 33  9  5 27 25 33 24 37 32 48 30 34 31 50 25  2  5 28 14 26 48  8 23 30  7  7 29 50 48 40 16 43  8 15 45 45 30 32 12 10 38 25 14 36 18 29 42 26  2 38 37 29 15 19 27  3 12 50  2  5 20 20 30 30 37 14 22 19 34  3 10 27 35 37 50 
46  2 47 21 15 45 18 38  9  6 49 49 35 32 21 20 32  4 19 28 16 20  3  3  7 19 15  8  5 39 47 19 13 33  3 35  1 29 17 37 27  4 48 32  6  6 21 13  4 32 46  7 46 49 10 11  6 25 35 23 38 40 11 24  4  4 46 18  6 21 49 50 23 13 24 18 45  9 46 39 28 42 19  4 17 25 36 42 48 27  4 24  2 42  6 11 41 39 16 47 
13  7 17 12 47 48 31 24 13 28 25 46 19 19 12 46 15 22 26 48  4  4 48 48 12 38 46 39 11 21  6 35 26 29 34 15 21 29 39 45 12 39 28 24  8 11 31  7 15 35 34 47 29 20  2 27 21 21  3 20  1 19  7 32  8 33 27 39 21 35 44 28 14 42 31 27 35 18 12  8 38 46 12  9 19  8 11 25  8 39  7 39  2 47 17 50 31  9  6 28 
28  1 17 29 50 44 13 50 49 45 22 13 43  8 27 30 32  7 41  1 45 10 44 23 50 13  3 11 35 43 31 21  6 24 46  9 12 13 39 10 39  2  1 42 22 13 11 31 37 37 43 11 18 49 44  5  4 35  3 31 23 45 36 10 19 50 14  8 17 40 21 38 33 43 24 26 45 30 21 28 31 28 17 12  1 22 35  5 33 12 21 12 32 32 25 26 35 20  8 41 
31 27 15 43 29 16  3 22 48 10 18 15  3  3 16 42 41 14 14 38  2 15 46 41  2  2 17 21 24 41 19 34 19 28 20 10 49 45 32 23 38 25 18  3 17 36  5 36 27 18 34 46 16  2  8  7  3 25 48  9 20  1 24 19  7 12 12 48 25 37 36 32 50 15 44  3 41 15 27  7 40  4 32 40 17 10 50 14 25  6 50 13  9  4 16 20 50 13 44 23 
 4 43 10 24 40 42 14 40 21  1 41 21 50 31 40  8 36 17 13 11 29 36 38 42 38 45 42 44  2 13 16 42 12 17 16 22 26 10 15 18 32 49 35 34  2 42 36 31 32 32 15 28 25 39 44  5 45  8 33 29 20 44  8  9 27 35  3  6 34 44 43  3 40 15 40  1 12 30 10  3 39 23 39  8 17  5 34 16 20 34 29 13 17 19 13 24 29 39 20 18 
 7 44 20 46  6 50 44 13 26  9  8 20 24 36 22 35  7 41  6 24 21  3 27 31 27 23 44 28 29 42 50 44 50 21  3 50 45 36 48 16 45 12 35 33 44 47 48 24 11 26 24 34 13  5 16 31 34 39  7 17 36  7 39 13  5  3 10 47 49  8 10 36 46 32  6 44 13 47 42 30  3 48 20 37  3 18  6 18 12 35 36 44  5  8 13 49 13 13 45 17 
23  3 45 50 15 22 43 29 34 24  3 40 35 43 12 21 11 42 18 15 40 12 13 33  7 44 45 41  7 49 37 17 17 26 21 30 29  9 21 43  7 40 23 46 46 33 30  2 29 46 44 20 20 14 43 30 35 16  2  2 15  4 27 41 45 23 41 27 19 31 48 20 44 48 12 23 43 29 26 31 17 37 41 38 43 42 44  8 11 38 41 20 32 18 10 19 16 22 31 27 
 3 46 30 33 33  4 37 27  3  7 41 31 31  4 23 29 29 14  6 40 24  6 49 46  9 29  1 41  9 44 44 41  5 13 19 30 19 48 28 24 38 45 38 16  3 18 32 44  1 47 44 24 36 23  9 18 34 14 26 44 30 29 22 34 38 28 45  5 15  6  4 20 24  9 45  5  9  9 20 20 43 27 46 32 21  3 33 29 43  3 26 21 32 35 10 49 46 31 22  4 
16 31 15 48 45  8  7 37 13 47 33 28  8 43 28 23 49 11 27 28 24 47 40  2 37 43 37 23 30 20  4 32 32 20 47 36 26  2 22 30 38 23  6  3 45 47  8 40 48 14 34 20 37 20  7 14 10 20 35 11 10 37 50 44 30  5 48  2  9 14 50  8 18 34 27 43 15 43 41 34 36 41  1  4  1 24  7 23 36 26 44 39 25  1 19 17 11 11 37 45 
13 14  1 33  7 17  5  1 17 27  1 19 47 42 23 36 13 35  7 18 27 49 18 45 19 48 49 45  3 30 46 10 23 45 33 17 29  8  6 21 21 16 32 47  2 45  6  5 47 13  5 46 15 29 41  3 29 26 18 37  5 36 28 12 18 11 17 34 28 27 43  5 34 22  4 25 11  7 20 38 47 44 35 42 46 42  7 10 36  2 40  1 10  2 50  3 21 47 45 16 
 2 16 30  6 23 12 49 13 28 36  1 40 42 48 16  6  3 10 44 19 23 23  4  2  5 18 10 38 46  7 10 42 16 10 16 27 17 26  3 23 43 22  9 36 19 39  1 48 16 18 32 30  2 33 30 41 41  3 48 42  9 33  4 30 33 30 50 29  1 16 25 35 19 17  7  2 26  7 16 29 12 40 43  1 47 25 23  6 19 27 40 47 16 47 20 26 47 35 11 26 
14  9 27 45 14  6 11 22 34 31 15  7  2 43 26 13 22 11 46 47 44 32 42 40 21 35  9 48 21 27  1 31 23 15 18  6 46 14 48 36 21 47 24 15 40  3 12  9 17 33  1  7 29 18 30 26 10 31 46 14 26 24 27 27 17  1 23 24  5 39 22 45 40 43 25  1 20 15 42 19 16 11 33 19 14 39 34 35 35 36 30 45  1 12 35 19  6 38 25 12 
22 25  8  2 12 31 10 10 32 20 34  5  4  7 20 44 15  4 21  2 41 11 16 30  1 24 30 37 34 46 13 46 47 40  6 25 30 23 32 25 21 26 28 14 48 33  1 41 36  4 33 40 49 14 21  2 10 50 39 13 15  8  3 28 34  4  9 28 37 41  3 40 43 30 40  9 16 24 45 21 27 38 17 17 38 23 50 11 42 50 42 36 42 19 37 17 46 16 17 16 
32 22 30  8 38 12 34 41 11 10  2 36  1  7 13 27  3 32 18 25 20 36 38 45 35 19  9 24 30  9 43  4 46 28 18 18 34 20 45 48 47 29 24 44 14 10 18  9 19  4  9 27 26 10 45  9 25 15 46 27 15 18 31  2 27 39 33 14 42  6 15  5 13 14 18 48  7 11 37 11  5 37  9 37 10  3 25 33  4  3 10  3 16 41  5 27 35 19 14 12 
