10 12
 52   8  46  45  58  97  65  55   8  40  50   6 
 12  25  18  27  44  16  68  71  90  20  18  40 
 47  45  44  31   6  52  78  60  74   4  76  76 
 71  39  20  66  71  79  16  13  66  34  69   1 
 36  13  25   9  14  50  76  53  75  41  55  84 
 17  38  31  76  49   2  54  95  72  14  32  90 
 73  21  55  94  69  21  48  67  61  18  12  75 
 91  34  70  53  84  57  97   8   2  10   4  22 
 25  38  68  51  90  86  44  51  65  21  27  30 
 16  10  26   7  60   9  69  30  47  89  46  59 
45 18 39 39  8 32 50 22 47 19 49 50 
48 27 34  2  7 33 48 38  3 28 11 32 
 2 32 21 46  3 12  5 34 48 37 26 11 
16 12 37 46 31 21 30 26 42  2  2 37 
 9 41 30 14 33 43 16 48 26 47 31 34 
28 43 15 28 21 34 10 48 34 18 12 44 
28 46 45 24  2 19  7 33 23 28 30 50 
24 24  1 32 14 43 28 48 20 33 40 32 
37  8 34  1 46 36 47 21  1 30 47 43 
23 50 20  3 18 29 32 40 42 25 21 13 
