10 10
 14   2  61   7  28  70  27  29  11  42 
  7  13  79  69  84  94  92  33  70  36 
 43  74  66  27  65  25  94  71  25  86 
 58   3  52  20  26  83  13  95  17  45 
 27  34  82   1  61  57  24  36   5  21 
 51  90  77  67  52  95  59  70  26  12 
 78   5  94  32  36  21  89  32 100  65 
 19  99  48  89  25  47  31  13   8  56 
 54  34  25  69  36  23  88   5  28  30 
 58  75  98  21  83  89  53   8  95  66 
19 26 13 11 12 45 11 39 17 44 
26 33 30  9 22 15 33 42 18 47 
32 14 48 43 44  2 28  7 48  5 
22 47 48 39  6 27 30 48 39 26 
33 15 50 26 35 46  7 34 39 30 
20 48 25 41 49 35 24 23 39 31 
 9 11 15 41  3  3 36  7 43 24 
40 43 41 36 48 42  4 10 38 33 
21 29  2 14 37 18 33 14 36 48 
30 23  5 41 12 40 30 30 25  9 
