100
23 54 29
36 61 290
37 54 137
54 88 43
76 113 260
91 132 69
93 143 65
117 143 240
139 149 93
168 217 217
197 204 60
224 272 35
238 247 27
247 289 7
275 292 29
285 334 151
312 332 260
340 372 269
361 405 295
375 415 291
382 386 185
385 408 284
395 422 21
418 437 71
422 446 224
451 452 297
463 488 113
486 509 63
510 515 152
520 569 173
526 530 294
552 558 85
576 609 276
580 611 77
597 646 127
627 657 280
650 657 187
665 673 201
673 704 54
695 718 168
720 749 106
723 725 215
729 772 236
751 773 235
754 780 150
760 810 191
784 824 52
793 832 60
819 836 238
831 853 259
855 866 215
878 892 209
887 916 131
914 932 72
918 929 78
942 962 241
952 965 25
955 969 50
981 1029 296
993 1030 234
1018 1049 150
1038 1061 203
1044 1065 80
1048 1085 248
1063 1099 79
1084 1085 52
1114 1139 15
1116 1130 208
1122 1138 113
1136 1151 264
1137 1144 42
1165 1166 228
1189 1229 112
1215 1250 203
1244 1274 299
1262 1281 264
1277 1293 66
1304 1306 55
1318 1321 33
1334 1364 221
1352 1371 81
1363 1378 231
1391 1429 266
1394 1395 55
1420 1426 236
1440 1448 48
1448 1477 194
1468 1517 121
1475 1482 178
1489 1536 18
1491 1498 44
1504 1522 212
1519 1560 64
1546 1551 59
1551 1573 184
1560 1582 92
1574 1611 55
1579 1606 73
1593 1624 144
1596 1599 202
