1000
0 16 297
12 40 271
24 54 107
41 58 236
48 64 222
61 88 273
65 66 146
91 112 231
105 150 93
115 136 174
138 175 119
138 167 87
139 173 286
166 177 267
172 179 88
190 210 221
200 229 44
206 214 123
234 263 134
246 285 44
276 296 153
301 312 90
330 379 94
345 368 276
348 384 278
376 395 171
387 415 21
415 418 123
435 448 269
456 464 95
483 528 271
507 525 112
518 563 257
527 547 299
545 563 144
575 609 204
579 625 98
605 642 54
616 660 167
632 664 69
636 682 20
656 675 292
686 694 255
705 754 164
725 755 151
750 760 199
753 777 199
762 770 101
770 809 253
775 821 214
791 803 286
814 852 125
818 847 185
819 824 266
840 880 198
853 861 173
864 875 253
873 898 227
901 904 176
928 968 253
943 959 205
966 1016 113
990 993 146
1020 1063 224
1032 1057 27
1054 1095 170
1066 1104 2
1072 1102 195
1076 1104 228
1088 1122 201
1090 1136 69
1095 1126 264
1097 1129 67
1116 1129 147
1126 1158 201
1138 1164 290
1144 1153 92
1144 1176 205
1160 1188 84
1165 1170 37
1175 1205 235
1203 1232 88
1232 1278 62
1237 1239 201
1265 1289 14
1269 1289 200
1276 1287 89
1281 1304 172
1298 1308 113
1322 1325 190
1345 1363 144
1363 1398 9
1383 1422 102
1390 1434 28
1404 1433 213
1432 1439 199
1447 1485 190
1477 1524 280
1479 1482 224
1483 1530 42
1509 1526 55
1539 1558 128
1557 1571 191
1563 1571 202
1565 1574 296
1582 1603 152
1604 1624 265
1632 1633 25
1662 1675 244
1676 1712 299
1703 1732 6
1727 1755 169
1731 1773 145
1751 1780 276
1763 1779 135
1774 1805 2
1791 1812 250
1806 1821 196
1824 1861 42
1850 1867 282
1867 1903 266
1875 1914 70
1898 1939 109
1903 1927 152
1920 1928 197
1944 1955 289
1950 1985 273
1963 1991 232
1991 2019 17
1998 2033 23
2016 2038 16
2034 2056 31
2062 2112 106
2081 2082 168
2105 2125 240
2126 2156 216
2127 2170 273
2136 2169 218
2137 2149 155
2144 2159 82
2148 2185 28
2171 2184 133
2183 2200 233
2203 2224 119
2204 2237 200
2220 2265 216
2229 2268 80
2246 2293 6
2250 2256 26
2261 2272 48
2263 2287 142
2273 2304 211
2295 2345 177
2321 2359 209
2325 2331 196
2355 2379 193
2357 2381 63
2360 2372 155
2369 2397 114
2379 2382 299
2384 2431 200
2406 2428 106
2419 2452 295
2429 2436 122
2441 2489 13
2454 2470 186
2463 2509 45
2474 2503 163
2480 2526 88
2490 2537 26
2504 2547 221
2531 2574 9
2557 2598 155
2586 2630 265
2609 2616 109
2635 2651 37
2650 2666 26
2655 2677 42
2680 2699 271
2710 2732 238
2738 2749 84
2745 2787 276
2752 2783 150
2773 2787 52
2775 2787 215
2781 2806 199
2803 2834 161
2826 2850 243
2843 2862 143
2853 2873 8
2875 2915 283
2891 2922 3
2909 2924 40
2925 2941 71
2931 2970 294
2951 2997 62
2977 3021 59
2990 3032 105
3009 3018 197
3024 3057 127
3037 3072 145
3054 3096 138
3056 3085 33
3079 3088 151
3095 3118 193
3118 3152 281
3132 3144 296
3136 3143 22
3140 3159 211
3170 3194 202
3193 3221 189
3199 3217 235
3204 3234 13
3221 3250 299
3233 3240 53
3237 3266 76
3240 3242 2
3251 3288 260
3267 3278 259
3281 3313 196
3299 3318 152
3319 3331 123
3341 3354 198
3347 3383 127
3370 3410 155
3391 3423 53
3411 3459 103
3421 3427 291
3442 3484 20
3450 3457 231
3480 3514 16
3488 3507 117
3502 3523 222
3510 3525 62
3537 3550 122
3566 3569 244
3570 3608 240
3600 3615 27
3620 3665 125
3631 3637 106
3635 3653 55
3654 3699 154
3656 3672 181
3656 3682 74
3685 3692 185
3714 3740 122
3731 3733 273
3755 3781 25
3769 3808 20
3778 3804 188
3788 3828 194
3794 3814 122
3813 3857 249
3822 3862 63
3845 3887 53
3853 3885 261
3871 3913 145
3873 3900 108
3888 3928 235
3903 3910 125
3915 3921 110
3935 3957 114
3961 3983 286
3967 3990 93
3995 4037 131
4022 4031 211
4034 4070 142
4043 4064 73
4064 4112 276
4071 4075 10
4097 4137 222
4123 4146 197
4141 4178 2
4169 4179 55
4195 4213 46
4212 4260 228
4220 4261 96
4244 4253 19
4249 4296 160
4271 4273 104
4284 4287 187
4309 4354 122
4316 4340 33
4327 4359 149
4331 4349 4
4337 4361 289
4345 4356 36
4345 4348 140
4366 4400 40
4392 4426 269
4406 4436 154
4410 4456 32
4411 4421 219
4440 4469 219
4462 4502 82
4478 4510 78
4499 4548 264
4518 4544 10
4524 4561 120
4554 4585 138
4555 4591 158
4573 4609 99
4575 4577 290
4597 4604 83
4606 4624 10
4626 4666 193
4631 4667 157
4639 4650 262
4645 4674 268
4667 4701 207
4695 4702 4
4723 4758 214
4749 4775 250
4755 4760 1
4769 4776 154
4771 4772 268
4796 4829 53
4823 4827 122
4824 4829 61
4852 4877 291
4856 4883 260
4884 4905 95
4892 4918 71
4892 4941 41
4899 4946 198
4919 4933 257
4931 4947 4
4954 4980 167
4963 4988 216
4975 5005 183
4996 5040 149
5005 5035 77
5032 5039 252
5036 5063 2
5058 5100 164
5072 5084 50
5095 5099 43
5095 5128 195
5104 5135 219
5112 5134 98
5123 5172 148
5124 5151 295
5142 5151 16
5163 5203 239
5175 5176 106
5192 5235 245
5195 5201 86
5219 5230 73
5233 5236 223
5238 5267 85
5240 5243 271
5258 5300 3
5267 5269 47
5279 5302 245
5286 5321 274
5308 5355 13
5309 5343 251
5313 5317 181
5323 5361 262
5333 5372 65
5361 5399 131
5381 5429 36
5398 5411 48
5398 5425 55
5410 5430 60
5412 5447 246
5420 5444 154
5432 5473 55
5434 5439 206
5447 5478 116
5459 5503 116
5483 5519 183
5513 5522 29
5540 5566 243
5564 5613 166
5571 5579 61
5584 5628 92
5594 5615 270
5612 5633 132
5638 5667 141
5668 5714 26
5673 5712 138
5692 5710 298
5722 5755 220
5736 5761 42
5751 5782 291
5757 5807 96
5761 5798 2
5779 5823 66
5799 5815 60
5807 5843 270
5833 5835 3
5858 5884 192
5869 5895 242
5891 5902 293
5914 5950 188
5936 5983 256
5943 5959 123
5967 6011 298
5981 5987 58
6006 6052 133
6015 6035 292
6041 6064 83
6046 6058 118
6046 6052 41
6054 6077 86
6079 6085 60
6080 6088 24
6087 6101 212
6105 6152 142
6129 6145 296
6129 6156 252
6146 6192 214
6165 6178 46
6182 6194 184
6207 6244 20
6234 6271 89
6256 6303 204
6283 6301 158
6297 6315 32
6313 6354 19
6338 6354 65
6339 6371 39
6368 6376 228
6395 6444 118
6423 6456 215
6445 6456 30
6466 6469 275
6477 6522 291
6503 6505 284
6516 6518 286
6531 6533 18
6557 6573 149
6572 6614 296
6572 6601 17
6576 6593 258
6591 6639 153
6599 6607 11
6610 6659 180
6615 6653 76
6622 6624 42
6645 6689 232
6656 6701 136
6671 6705 31
6700 6750 109
6721 6732 110
6742 6789 269
6753 6773 275
6756 6789 61
6759 6795 99
6779 6826 246
6788 6813 66
6792 6834 246
6815 6821 48
6826 6864 150
6853 6866 268
6883 6915 228
6891 6906 87
6903 6909 161
6916 6939 178
6942 6983 223
6963 7010 165
6980 7013 252
6988 7036 219
7001 7020 38
7030 7069 261
7045 7055 286
7056 7059 46
7082 7095 60
7100 7130 131
7108 7120 169
7133 7160 283
7138 7175 184
7167 7206 109
7172 7213 55
7187 7192 91
7187 7224 231
7215 7248 207
7227 7250 235
7245 7282 288
7257 7281 281
7259 7276 244
7269 7304 220
7295 7340 223
7319 7333 235
7333 7377 238
7335 7345 220
7338 7357 182
7363 7385 222
7384 7429 155
7401 7410 135
7409 7444 251
7417 7419 134
7438 7457 267
7447 7456 75
7477 7509 162
7505 7531 36
7530 7549 137
7539 7543 161
7554 7590 209
7565 7587 20
7594 7625 276
7603 7632 240
7615 7657 255
7645 7662 199
7645 7684 52
7665 7700 259
7669 7685 78
7691 7711 69
7709 7715 148
7710 7738 218
7729 7738 141
7743 7760 283
7768 7810 29
7782 7832 63
7800 7801 170
7821 7847 169
7835 7884 14
7838 7881 207
7853 7885 161
7877 7902 287
7907 7916 108
7926 7960 44
7941 7983 162
7946 7991 38
7953 7986 107
7967 7996 146
7993 8036 204
8021 8070 184
8038 8039 233
8048 8060 205
8050 8063 20
8058 8090 133
8058 8077 37
8082 8100 122
8093 8102 134
8097 8144 69
8104 8153 190
8128 8140 277
8129 8144 23
8154 8166 70
8156 8206 216
8186 8209 38
8208 8226 237
8233 8235 71
8262 8271 40
8292 8330 75
8294 8308 87
8312 8332 236
8313 8359 290
8331 8363 191
8336 8360 195
8363 8403 260
8364 8372 24
8392 8424 246
8414 8432 142
8431 8464 24
8439 8472 208
8453 8476 270
8478 8517 202
8503 8545 234
8516 8518 110
8535 8561 211
8542 8587 34
8564 8583 48
8579 8626 119
8596 8602 166
8618 8624 54
8621 8634 158
8636 8673 221
8659 8702 192
8670 8709 50
8684 8720 217
8695 8736 237
8713 8747 124
8738 8754 230
8759 8801 285
8768 8791 105
8775 8791 52
8786 8812 167
8808 8851 75
8828 8860 9
8828 8853 63
8851 8886 164
8853 8858 265
8871 8892 200
8891 8911 187
8908 8920 130
8935 8957 47
8951 8968 149
8972 9011 118
8999 9004 252
9018 9064 49
9046 9090 170
9076 9120 269
9082 9111 74
9099 9121 277
9102 9119 76
9107 9130 114
9108 9152 66
9125 9172 221
9154 9193 60
9162 9205 65
9191 9220 214
9192 9236 29
9193 9233 102
9211 9227 54
9213 9217 4
9236 9273 280
9254 9280 176
9259 9291 102
9280 9293 297
9289 9326 14
9300 9335 232
9317 9367 71
9326 9343 194
9344 9363 264
9368 9401 77
9390 9440 134
9409 9413 258
9426 9428 190
9437 9440 219
9465 9501 100
9467 9506 6
9474 9512 209
9474 9518 139
9477 9493 63
9480 9510 239
9505 9539 88
9535 9549 84
9538 9585 130
9567 9603 217
9584 9624 41
9613 9663 53
9623 9650 209
9624 9665 219
9636 9645 21
9648 9686 271
9649 9667 249
9677 9679 26
9695 9719 38
9714 9744 251
9741 9744 128
9745 9760 49
9755 9762 190
9757 9758 238
9772 9779 292
9790 9793 98
9812 9857 36
9819 9857 214
9834 9841 53
9851 9883 116
9880 9893 117
9902 9933 74
9906 9938 250
9915 9965 250
9942 9958 118
9954 9957 207
9960 9994 73
9969 10008 113
9989 10021 269
10006 10043 55
10016 10030 3
10032 10046 178
10042 10051 198
10057 10077 277
10073 10090 67
10085 10122 94
10090 10132 108
10106 10138 119
10129 10165 163
10144 10148 24
10156 10165 215
10169 10179 130
10194 10241 232
10221 10259 174
10224 10263 185
10232 10238 234
10252 10262 31
10271 10280 299
10274 10319 122
10289 10334 143
10300 10349 139
10305 10318 37
10307 10312 223
10311 10326 209
10335 10343 270
10352 10370 60
10370 10395 175
10380 10393 86
10388 10435 215
10390 10418 257
10394 10413 130
10410 10429 121
10420 10467 184
10420 10431 118
10422 10435 266
10451 10469 166
10476 10512 21
10503 10550 129
10519 10533 87
10531 10543 104
10559 10575 1
10570 10617 113
10570 10581 252
10600 10616 212
10601 10642 3
10611 10613 255
10624 10639 203
10624 10628 179
10649 10698 275
10677 10717 259
10707 10712 166
10722 10763 31
10746 10788 194
10769 10798 89
10779 10820 256
10791 10800 201
10795 10810 33
10797 10829 35
10820 10855 37
10841 10870 118
10849 10886 149
10872 10878 29
10879 10899 189
10880 10892 72
10894 10940 105
10915 10954 97
10940 10964 173
10949 10959 220
10972 10977 189
10995 11013 48
11003 11035 123
11032 11055 191
11042 11071 6
11049 11090 17
11063 11083 164
11088 11102 187
11105 11111 75
11119 11141 263
11127 11143 157
11146 11161 202
11163 11167 152
11167 11182 175
11178 11227 245
11208 11218 114
11238 11269 137
11252 11264 6
11267 11291 68
11275 11324 139
11295 11334 88
11315 11320 159
11320 11354 199
11322 11323 49
11331 11381 65
11353 11386 173
11373 11403 165
11374 11390 103
11390 11436 26
11391 11430 243
11393 11408 194
11394 11431 132
11417 11422 119
11444 11462 179
11464 11467 144
11471 11489 90
11477 11481 97
11477 11523 151
11497 11544 232
11517 11554 53
11521 11530 178
11527 11529 241
11557 11570 96
11569 11614 230
11592 11618 296
11601 11602 206
11612 11640 94
11617 11629 195
11639 11662 113
11641 11655 258
11660 11708 83
11683 11685 82
11708 11755 116
11721 11755 122
11742 11744 43
11754 11768 276
11754 11764 225
11780 11807 12
11787 11824 298
11802 11819 92
11817 11847 19
11845 11877 213
11867 11891 12
11892 11923 213
11899 11912 58
11915 11927 69
11937 11966 2
11955 11975 212
11979 11983 220
11998 12028 132
12017 12034 83
12018 12033 74
12047 12057 11
12051 12058 116
12068 12084 144
12091 12134 194
12092 12126 114
12104 12147 185
12117 12164 92
12136 12168 115
12150 12160 11
12164 12191 12
12168 12190 3
12189 12213 151
12215 12239 287
12233 12247 132
12254 12283 203
12255 12304 215
12280 12283 187
12280 12320 230
12287 12318 292
12308 12356 24
12310 12320 85
12316 12361 17
12320 12321 251
12320 12354 34
12340 12350 278
12355 12361 59
12359 12409 133
12388 12418 78
12403 12409 154
12411 12441 291
12415 12454 27
12424 12457 243
12448 12490 128
12456 12463 229
12465 12473 261
12493 12522 130
12519 12550 15
12540 12548 46
12553 12571 31
12576 12624 158
12587 12629 298
12617 12653 121
12619 12651 251
12636 12640 57
12652 12701 94
12666 12702 195
12666 12713 33
12691 12708 74
12692 12693 112
12704 12716 188
12714 12734 153
12740 12744 94
12750 12781 253
12754 12769 300
12773 12788 213
12773 12797 203
12784 12820 59
12803 12804 192
12826 12866 52
12827 12836 1
12831 12867 145
12836 12862 55
12861 12886 294
12861 12896 293
12869 12903 121
12870 12903 256
12884 12922 265
12911 12933 283
12932 12946 190
12938 12979 141
12962 12980 85
12985 12992 154
12995 13001 296
13017 13059 229
13039 13062 127
13061 13110 77
13089 13090 128
13090 13122 160
13109 13128 214
13126 13171 175
13152 13174 108
13166 13191 102
13181 13223 75
13201 13217 160
13223 13263 217
13242 13268 298
13251 13266 33
13275 13310 246
13276 13301 153
13289 13339 65
13297 13321 288
13310 13320 183
13324 13352 297
13331 13358 209
13349 13354 298
13354 13362 101
13375 13422 202
13392 13403 88
13420 13466 86
13436 13484 176
13464 13505 97
13485 13506 74
13513 13560 284
13528 13559 122
13544 13578 190
13570 13612 26
13570 13608 205
13578 13585 207
13607 13644 244
13609 13619 147
13635 13651 12
13661 13664 214
13671 13685 293
13694 13740 281
13715 13741 129
13735 13738 82
13757 13758 36
13761 13783 23
13764 13809 11
13776 13791 178
13776 13825 216
13777 13785 138
13806 13812 191
13834 13880 240
13844 13878 221
13866 13907 64
13880 13923 63
13893 13899 231
13917 13953 267
13947 13975 289
13953 13970 43
13976 13978 2
14000 14038 284
14027 14072 196
14030 14038 174
14060 14083 159
14063 14086 179
14066 14091 139
14080 14112 155
14092 14132 111
14118 14168 195
14118 14153 236
14122 14139 14
14139 14169 219
14168 14188 285
14174 14211 193
14178 14203 223
14184 14193 121
14214 14245 177
14225 14245 152
14245 14290 297
14249 14273 229
14261 14306 65
14266 14289 215
14283 14308 82
14300 14340 40
14304 14307 300
14331 14376 175
14337 14351 160
14350 14370 272
14372 14404 235
14379 14388 285
14403 14422 265
14407 14453 175
14411 14431 33
14441 14460 237
14469 14511 79
14490 14505 246
14512 14559 215
14533 14571 206
14553 14583 147
14571 14574 295
14587 14625 237
14596 14624 143
14624 14633 119
14629 14642 62
14647 14670 5
14667 14703 77
14686 14730 22
14705 14709 6
14721 14766 234
14737 14751 115
14743 14750 136
14751 14800 145
14780 14818 286
14804 14819 75
14828 14841 2
14844 14883 212
14860 14904 218
14873 14877 128
14903 14932 89
14920 14933 226
14935 14977 111
14935 14971 150
14962 14993 21
14981 15013 88
14990 14999 292
15010 15051 279
