500
12 21 48
22 72 155
29 76 209
33 75 102
41 54 46
44 71 273
56 80 294
78 115 48
97 137 269
121 147 133
150 152 15
178 228 241
207 224 261
220 264 225
235 258 102
243 268 97
269 271 229
278 317 213
299 316 160
310 350 29
317 351 160
330 354 22
336 348 141
355 376 224
380 393 247
409 427 164
434 445 263
462 500 208
465 494 296
485 486 206
507 547 216
518 541 144
540 565 119
541 588 277
558 601 165
558 575 138
583 589 177
593 616 51
609 622 43
621 625 11
645 682 192
674 717 182
686 701 28
689 699 227
690 736 107
692 731 220
717 767 251
720 750 228
728 760 296
737 784 264
762 811 135
786 791 58
802 823 97
823 828 285
835 866 201
861 905 47
861 900 78
889 921 232
908 950 266
923 950 18
945 973 1
968 985 17
984 987 8
1002 1038 274
1028 1030 297
1056 1091 289
1081 1108 99
1083 1117 226
1095 1120 42
1109 1131 5
1123 1127 256
1144 1176 50
1162 1208 273
1174 1224 76
1175 1216 277
1190 1240 264
1220 1235 292
1246 1252 124
1257 1284 44
1282 1296 234
1295 1308 120
1320 1365 205
1326 1352 32
1327 1350 144
1352 1377 125
1362 1376 63
1369 1413 238
1372 1419 300
1387 1433 20
1405 1447 300
1430 1477 48
1457 1498 290
1458 1472 135
1467 1491 20
1493 1503 264
1522 1547 5
1538 1574 188
1541 1580 39
1565 1578 211
1582 1623 150
1606 1632 42
1635 1646 282
1652 1682 259
1661 1702 204
1688 1690 92
1689 1707 49
1713 1730 112
1736 1753 259
1737 1786 25
1762 1795 225
1778 1807 147
1801 1826 259
1826 1856 252
1850 1858 175
1880 1907 67
1883 1900 67
1905 1946 34
1928 1929 90
1931 1981 173
1949 1984 298
1958 1974 173
1987 2005 116
2010 2047 242
2026 2034 116
2027 2033 32
2049 2094 285
2076 2097 270
2084 2102 196
2093 2107 267
2093 2143 277
2116 2133 139
2146 2184 281
2154 2178 108
2177 2223 6
2200 2201 168
2222 2223 69
2252 2300 128
2282 2311 241
2301 2315 106
2315 2333 23
2344 2361 63
2374 2416 158
2385 2401 67
2409 2438 166
2429 2479 56
2457 2486 254
2468 2471 42
2496 2508 146
2503 2531 153
2528 2533 68
2534 2553 289
2536 2548 168
2542 2591 44
2562 2565 245
2584 2626 208
2585 2596 32
2596 2608 39
2605 2650 235
2620 2626 41
2632 2664 51
2635 2676 89
2661 2687 126
2685 2723 111
2691 2714 160
2710 2745 34
2716 2760 203
2745 2777 149
2764 2806 276
2784 2787 275
2796 2841 256
2814 2833 194
2834 2865 258
2836 2856 97
2836 2853 255
2856 2900 15
2879 2894 233
2902 2936 282
2916 2950 19
2925 2951 279
2943 2952 240
2964 3013 41
2992 2996 108
3018 3056 174
3024 3056 58
3053 3079 151
3060 3098 289
3090 3116 128
3111 3131 156
3125 3170 37
3136 3157 143
3146 3186 176
3155 3163 203
3160 3163 30
3190 3211 155
3202 3217 172
3223 3240 198
3238 3286 53
3251 3292 211
3261 3308 105
3263 3300 100
3277 3299 55
3296 3301 151
3308 3312 37
3322 3352 102
3331 3353 250
3360 3391 249
3381 3417 51
3393 3409 273
3423 3471 25
3425 3471 74
3453 3500 127
3467 3496 293
3479 3492 263
3492 3530 196
3512 3520 137
3541 3547 198
3564 3601 97
3591 3628 115
3613 3626 250
3631 3662 278
3634 3671 111
3645 3694 251
3656 3671 56
3671 3677 146
3677 3712 96
3692 3734 200
3718 3743 218
3727 3757 112
3757 3797 135
3786 3822 204
3816 3827 3
3830 3866 47
3843 3851 168
3846 3863 85
3846 3877 243
3860 3890 214
3874 3897 90
3897 3898 248
3906 3932 299
3935 3969 122
3948 3993 170
3960 3972 283
3979 3990 271
3989 4016 266
4016 4051 280
4022 4037 248
4025 4036 8
4045 4085 155
4068 4102 152
4085 4124 96
4108 4152 9
4120 4143 3
4123 4161 294
4151 4165 286
4169 4189 105
4188 4224 216
4205 4229 219
4219 4228 87
4231 4255 286
4241 4250 266
4251 4294 212
4265 4275 45
4284 4302 181
4305 4338 297
4321 4358 160
4331 4366 61
4359 4405 143
4376 4421 134
4389 4411 163
4404 4432 91
4408 4444 292
4423 4467 41
4444 4486 252
4447 4467 117
4461 4480 42
4470 4474 78
4475 4509 174
4479 4519 163
4495 4518 49
4516 4561 110
4527 4546 10
4529 4544 28
4545 4559 204
4561 4587 83
4562 4600 104
4579 4585 225
4579 4622 7
4609 4625 287
4616 4662 114
4625 4632 15
4653 4689 217
4659 4672 181
4669 4708 156
4681 4727 226
4688 4730 56
4711 4740 162
4726 4767 33
4750 4779 288
4763 4790 266
4765 4788 93
4789 4813 98
4791 4837 91
4795 4812 61
4795 4826 125
4819 4859 273
4839 4871 279
4863 4875 74
4870 4879 283
4871 4876 220
4889 4935 155
4916 4963 142
4938 4957 190
4967 4992 242
4994 5000 77
4998 5024 56
5020 5054 20
5036 5053 40
5042 5078 78
5064 5108 156
5066 5100 151
5090 5097 187
5090 5132 74
5119 5157 13
5143 5177 43
5144 5183 4
5155 5204 95
5171 5202 51
5175 5191 66
5191 5201 186
5208 5240 16
5234 5284 284
5258 5262 99
5265 5267 111
5272 5305 71
5276 5296 197
5281 5285 173
5293 5303 192
5294 5326 171
5306 5314 120
5320 5359 211
5328 5334 229
5339 5346 176
5348 5372 220
5350 5356 84
5372 5389 129
5401 5419 282
5426 5472 282
5451 5460 29
5473 5517 109
5496 5513 32
5511 5522 284
5526 5547 55
5527 5571 125
5554 5598 37
5580 5602 233
5593 5605 235
5602 5646 240
5609 5652 162
5630 5661 243
5649 5695 299
5673 5708 161
5676 5687 193
5676 5711 163
5679 5690 214
5697 5739 31
5712 5726 259
5721 5756 297
5745 5755 278
5759 5799 79
5774 5776 228
5799 5827 290
5804 5852 250
5813 5819 284
5830 5872 154
5846 5877 127
5874 5897 298
5898 5930 122
5902 5946 289
5906 5941 119
5932 5936 195
5962 5983 136
5964 6014 276
5966 5988 24
5979 6018 54
6004 6044 116
6028 6042 282
6045 6050 139
6055 6070 26
6079 6122 239
6079 6104 113
6082 6111 156
6108 6152 144
6126 6131 69
6132 6161 286
6151 6180 50
6176 6217 169
6203 6243 89
6230 6235 148
6258 6266 253
6288 6310 75
6315 6356 106
6341 6343 255
6343 6389 226
6358 6384 129
6375 6378 109
6377 6412 67
6397 6443 134
6409 6451 95
6409 6432 234
6428 6454 39
6441 6487 280
6465 6482 266
6481 6511 171
6503 6547 125
6503 6508 82
6518 6563 147
6543 6557 196
6543 6569 283
6551 6585 151
6551 6552 255
6568 6594 71
6586 6611 138
6609 6633 127
6629 6671 58
6641 6667 273
6657 6669 279
6687 6693 300
6712 6758 105
6715 6737 178
6719 6751 264
6734 6763 270
6761 6774 172
6771 6792 160
6777 6823 82
6793 6795 295
6818 6838 240
6820 6863 226
6834 6876 198
6849 6884 88
6855 6903 94
6863 6868 170
6881 6912 60
6899 6939 77
6917 6945 207
6935 6967 141
6956 6983 286
6971 6992 213
6977 7025 276
7006 7047 34
7010 7052 245
7037 7077 94
7052 7099 154
7082 7093 129
7091 7093 156
7099 7128 238
7119 7160 1
7139 7184 288
7152 7162 127
7153 7164 266
7172 7208 248
7194 7208 122
7199 7224 297
7206 7211 282
7227 7253 60
7235 7267 260
7258 7274 19
7274 7323 88
7292 7332 86
7320 7344 146
7328 7345 48
7343 7364 70
7354 7360 119
7378 7419 2
7400 7413 220
7416 7445 239
7446 7484 14
7463 7471 262
7472 7477 224
7492 7530 61
7494 7528 89
7496 7528 295
7506 7520 126
7515 7557 125
7532 7541 52
7558 7565 259
7564 7594 64
7576 7595 224
7602 7629 145
7611 7615 49
7637 7643 207
7641 7675 262
7671 7708 274
7678 7724 13
7683 7705 4
7689 7738 292
7715 7755 93
7743 7754 166
7756 7766 10
7780 7796 38
7792 7811 271
