60
1 15 195
10 21 105
18 19 33
30 63 83
48 84 7
77 111 298
81 96 274
86 96 258
116 150 158
124 162 225
148 169 262
165 215 35
169 182 236
178 188 264
203 220 18
228 275 265
246 253 109
249 259 113
259 299 110
270 312 122
298 341 16
320 336 243
324 328 175
335 346 27
355 392 166
384 433 124
395 435 158
396 409 139
419 454 128
440 474 65
440 488 113
446 466 163
452 464 194
454 471 133
476 505 11
479 487 262
489 528 62
504 528 84
530 580 197
554 567 266
584 603 145
594 623 221
605 631 118
619 654 113
623 646 216
636 679 71
644 693 270
646 650 61
673 691 165
702 709 228
721 768 269
733 745 59
762 774 248
786 827 100
809 849 96
823 860 242
833 839 207
860 902 200
880 901 270
901 910 60
