2000
30 78 296
36 49 16
41 49 96
66 116 182
84 96 208
109 156 122
137 149 18
164 208 170
191 212 140
192 238 232
218 246 40
220 240 61
242 245 47
270 314 242
274 284 236
294 340 12
323 368 251
330 357 159
357 372 29
386 403 125
403 404 195
410 425 91
436 439 267
462 498 153
490 512 125
497 533 190
526 527 28
535 541 284
548 553 241
559 564 75
561 570 203
569 570 266
582 587 206
610 638 135
633 645 247
654 661 170
682 729 100
685 697 48
697 701 239
719 722 201
727 756 30
731 767 181
751 770 3
761 794 291
762 810 132
774 797 72
798 825 183
808 811 110
820 823 276
830 859 50
859 907 290
870 919 103
882 902 89
895 900 208
895 903 142
921 966 182
941 943 40
954 975 154
964 1000 217
973 1015 49
973 984 130
976 988 68
1004 1053 2
1005 1041 81
1011 1052 229
1025 1066 209
1044 1081 270
1070 1081 117
1086 1123 261
1101 1126 261
1113 1134 103
1134 1161 94
1142 1148 10
1148 1155 115
1156 1189 76
1181 1230 106
1207 1256 275
1223 1262 105
1226 1229 281
1245 1268 275
1252 1279 127
1254 1298 227
1274 1298 130
1287 1289 93
1302 1346 11
1309 1321 156
1336 1374 5
1342 1387 115
1360 1379 194
1369 1376 51
1387 1400 281
1409 1418 99
1429 1474 160
1454 1492 190
1482 1502 202
1482 1530 14
1502 1543 201
1502 1542 125
1502 1525 218
1515 1559 164
1536 1553 63
1566 1610 60
1595 1602 104
1618 1625 209
1624 1646 92
1634 1678 36
1636 1639 109
1654 1680 10
1662 1695 57
1672 1712 272
1674 1681 270
1696 1739 84
1712 1728 35
1741 1747 154
1768 1794 167
1772 1819 228
1789 1838 143
1816 1842 144
1819 1824 131
1819 1867 135
1844 1855 245
1845 1881 97
1872 1910 39
1902 1930 135
1918 1963 75
1944 1970 231
1972 2020 208
1987 2003 231
2010 2012 179
2014 2023 156
2040 2053 289
2064 2069 295
2078 2123 103
2086 2123 27
2103 2113 222
2123 2164 265
2146 2147 82
2150 2194 264
2151 2167 260
2174 2183 266
2176 2194 30
2204 2214 190
2207 2211 7
2234 2281 89
2244 2246 44
2255 2272 120
2277 2315 172
2281 2296 209
2289 2299 266
2307 2315 26
2322 2324 150
2348 2367 125
2378 2408 189
2401 2437 197
2411 2432 280
2441 2490 17
2459 2464 254
2481 2496 65
2504 2520 83
2518 2519 106
2526 2536 124
2556 2584 193
2586 2622 239
2591 2639 189
2603 2627 109
2628 2643 152
2628 2647 268
2656 2660 240
2672 2718 46
2702 2706 211
2726 2760 122
2734 2784 31
2747 2786 60
2774 2817 191
2792 2833 199
2807 2857 179
2817 2856 166
2845 2878 115
2858 2899 225
2868 2879 278
2884 2898 6
2891 2926 171
2896 2918 109
2913 2925 61
2939 2976 64
2941 2950 229
2958 3000 103
2988 2999 246
2988 3009 208
2999 3038 187
3010 3051 199
3021 3070 262
3027 3028 82
3057 3089 175
3073 3107 50
3085 3114 109
3087 3127 251
3105 3127 44
3131 3162 206
3159 3194 23
3189 3221 72
3208 3228 101
3220 3250 157
3236 3260 192
3259 3262 111
3274 3314 70
3294 3330 104
3314 3323 26
3337 3339 188
3357 3374 177
3367 3417 258
3388 3419 290
3409 3433 241
3433 3453 166
3451 3482 279
3458 3479 126
3488 3490 238
3495 3500 192
3515 3543 226
3518 3559 157
3545 3583 119
3569 3571 181
3598 3612 49
3610 3650 138
3623 3628 128
3643 3645 169
3662 3682 211
3684 3724 112
3705 3715 129
3711 3760 292
3739 3755 115
3741 3767 237
3750 3778 93
3779 3821 197
3781 3801 69
3810 3814 184
3825 3828 281
3852 3877 101
3855 3903 90
3859 3892 119
3887 3905 26
3894 3909 33
3896 3941 285
3900 3910 42
3914 3917 247
3936 3941 196
3939 3969 222
3955 3959 266
3979 4025 40
3980 3987 156
4009 4055 42
4011 4016 4
4036 4085 225
4036 4051 51
4045 4073 235
4057 4100 30
4063 4113 17
4070 4086 30
4095 4112 87
4105 4133 278
4108 4127 41
4134 4138 169
4154 4171 73
4172 4216 119
4174 4175 112
4184 4190 135
4198 4201 25
4208 4244 42
4230 4250 126
4237 4270 137
4243 4283 137
4262 4311 18
4270 4292 150
4289 4319 175
4306 4351 47
4328 4335 97
4349 4395 286
4356 4373 157
4378 4397 102
4403 4411 127
4417 4464 270
4422 4424 101
4424 4463 225
4447 4465 128
4456 4475 36
4460 4488 42
4481 4495 76
4483 4507 256
4510 4513 213
4525 4549 202
4532 4547 139
4544 4564 11
4557 4563 296
4563 4595 20
4570 4582 289
4576 4598 178
4602 4641 282
4611 4620 84
4614 4618 292
4639 4678 160
4665 4670 187
4667 4670 204
4682 4709 157
4707 4719 61
4716 4733 265
4732 4774 11
4734 4767 290
4756 4776 108
4770 4780 197
4794 4840 52
4794 4843 106
4815 4861 48
4823 4846 213
4848 4865 213
4855 4871 4
4855 4868 249
4856 4865 267
4884 4905 157
4884 4892 228
4896 4925 83
4926 4936 28
4935 4956 252
4936 4967 220
4958 4982 297
4985 4997 270
5008 5032 77
5023 5049 86
5032 5080 54
5037 5050 11
5048 5068 69
5048 5061 284
5064 5114 132
5064 5081 296
5073 5097 114
5097 5119 82
5108 5156 82
5114 5117 89
5128 5141 205
5153 5164 279
5171 5177 284
5197 5245 103
5213 5246 262
5231 5243 258
5251 5299 294
5281 5299 292
5299 5312 272
5313 5335 265
5330 5342 199
5333 5369 290
5341 5353 176
5341 5345 284
5368 5373 14
5372 5374 103
5381 5408 288
5393 5406 300
5404 5436 135
5411 5428 150
5441 5465 16
5454 5480 206
5463 5502 163
5485 5518 100
5488 5512 257
5490 5517 273
5511 5514 31
5522 5556 260
5522 5530 269
5547 5581 16
5558 5607 144
5572 5598 253
5577 5578 154
5594 5617 36
5603 5610 1
5604 5650 96
5618 5656 135
5643 5677 125
5648 5658 12
5677 5720 225
5696 5732 7
5708 5750 187
5736 5760 209
5762 5793 250
5764 5789 49
5782 5799 73
5806 5809 40
5818 5822 120
5846 5874 121
5872 5894 108
5878 5895 121
5894 5939 148
5917 5955 86
5920 5949 131
5949 5999 186
5972 6017 143
5983 6002 143
6013 6047 270
6013 6051 236
6041 6074 187
6044 6058 86
6059 6078 231
6062 6089 266
6084 6100 105
6087 6112 15
6111 6152 123
6130 6144 292
6140 6179 155
6162 6171 41
6167 6216 144
6171 6205 127
6182 6212 19
6182 6219 260
6192 6217 257
6198 6231 276
6228 6245 177
6231 6235 38
6255 6302 129
6278 6326 102
6287 6322 6
6288 6302 125
6307 6341 160
6325 6340 261
6348 6355 294
6360 6377 280
6366 6399 89
6388 6427 96
6402 6429 201
6417 6465 1
6419 6462 278
6425 6470 110
6455 6500 87
6480 6530 7
6482 6489 32
6496 6501 274
6504 6528 184
6505 6553 114
6522 6562 18
6543 6548 193
6566 6606 231
6573 6603 272
6584 6618 191
6604 6639 246
6634 6651 194
6650 6677 175
6663 6674 298
6683 6691 290
6712 6734 180
6731 6778 243
6752 6771 9
6755 6791 84
6760 6801 42
6775 6814 26
6793 6810 176
6798 6811 264
6815 6848 299
6842 6881 201
6871 6916 298
6901 6928 136
6905 6955 85
6933 6934 44
6946 6974 157
6967 7010 238
6981 6999 63
7008 7056 111
7031 7081 147
7031 7062 288
7034 7048 140
7063 7113 103
7080 7123 119
7102 7110 264
7132 7151 117
7141 7177 207
7158 7166 117
7158 7180 297
7170 7174 32
7190 7229 147
7192 7217 72
7209 7249 118
7219 7233 224
7220 7256 213
7244 7285 52
7252 7289 130
7266 7309 61
7269 7278 111
7277 7314 229
7294 7331 217
7319 7364 286
7324 7329 132
7352 7391 204
7371 7388 243
7386 7391 235
7397 7445 275
7422 7438 90
7427 7438 278
7443 7459 265
7449 7451 289
7458 7480 40
7461 7465 91
7474 7515 220
7496 7504 51
7503 7528 267
7511 7550 186
7534 7557 290
7548 7595 133
7575 7615 217
7587 7601 96
7587 7617 117
7614 7630 276
7643 7657 261
7666 7711 68
7684 7710 295
7714 7752 110
7735 7751 235
7759 7763 62
7771 7804 294
7775 7825 12
7787 7805 41
7809 7833 165
7838 7872 1
7852 7878 108
7855 7874 286
7872 7896 202
7886 7927 170
7912 7946 27
7935 7959 85
7944 7987 92
7956 7992 115
7976 7982 91
7993 8013 176
8000 8030 147
8026 8044 294
8034 8077 74
8058 8092 163
8074 8109 84
8101 8133 221
8127 8145 146
8135 8144 30
8157 8195 67
8167 8181 51
8173 8214 49
8202 8215 256
8206 8249 154
8228 8261 289
8258 8285 196
8276 8307 243
8289 8313 18
8314 8319 229
8322 8359 247
8342 8348 47
8342 8375 139
8356 8396 30
8379 8403 144
8387 8408 256
8394 8395 121
8407 8424 126
8412 8450 228
8424 8450 247
8424 8430 271
8440 8441 28
8458 8478 142
8488 8504 40
8506 8531 57
8531 8547 243
8548 8573 118
8571 8583 188
8572 8591 141
8585 8620 230
8586 8600 294
8591 8599 191
8607 8624 139
8620 8668 105
8646 8672 193
8659 8688 225
8668 8693 265
8671 8701 52
8685 8706 299
8708 8717 173
8709 8748 135
8724 8743 152
8729 8774 144
8735 8779 50
8742 8747 178
8754 8798 225
8780 8807 156
8781 8807 271
8802 8844 229
8807 8813 263
8825 8856 146
8840 8873 203
8853 8881 19
8867 8897 75
8876 8878 209
8889 8898 177
8904 8941 284
8929 8965 225
8947 8953 228
8965 9012 5
8966 9007 27
8983 9001 72
8998 9032 51
9007 9023 230
9013 9037 209
9029 9041 56
9057 9084 264
9064 9083 129
9071 9073 8
9098 9123 67
9101 9127 229
9120 9121 245
9139 9176 202
9144 9189 216
9172 9191 27
9194 9217 153
9221 9270 32
9221 9269 33
9229 9265 94
9235 9247 191
9263 9295 263
9280 9296 29
9298 9337 96
9328 9340 36
9351 9377 208
9368 9375 42
9376 9398 163
9391 9435 40
9409 9441 138
9429 9465 296
9431 9441 136
9441 9459 130
9463 9497 17
9465 9504 160
9477 9509 139
9488 9493 284
9510 9535 172
9528 9570 288
9556 9599 186
9559 9574 274
9561 9588 202
9572 9600 68
9575 9596 290
9580 9614 18
9603 9635 105
9606 9653 44
9614 9636 261
9642 9667 30
9651 9654 263
9670 9695 248
9689 9723 158
9708 9711 236
9730 9757 279
9747 9790 152
9758 9801 212
9781 9793 119
9808 9816 114
9830 9856 146
9857 9900 27
9886 9919 26
9915 9917 90
9943 9959 286
9971 10011 130
9971 9992 171
9981 9993 251
10011 10013 204
10018 10056 294
10025 10074 196
10037 10074 102
10049 10057 21
10068 10095 226
10088 10109 184
10091 10110 10
10101 10137 47
10102 10148 75
10129 10132 95
10142 10166 299
10142 10178 198
10149 10153 170
10171 10208 53
10183 10208 156
10200 10214 298
10210 10258 196
10210 10240 188
10210 10226 192
10210 10249 242
10238 10243 219
10266 10311 190
10270 10278 221
10273 10322 237
10289 10292 249
10289 10315 156
10298 10310 62
10307 10347 130
10331 10380 70
10332 10358 223
10351 10380 58
10376 10379 266
10393 10424 172
10409 10435 107
10409 10435 232
10421 10427 205
10442 10482 280
10461 10467 123
10487 10522 153
10497 10526 131
10523 10564 143
10551 10591 281
10564 10609 194
10586 10608 10
10610 10640 172
10616 10632 202
10620 10632 174
10640 10643 210
10651 10685 171
10653 10665 75
10677 10715 227
10685 10695 148
10701 10708 157
10720 10744 95
10731 10771 196
10758 10760 201
10765 10803 21
10794 10801 94
10814 10829 45
10820 10861 300
10839 10852 199
10863 10876 28
10871 10901 268
10872 10915 293
10896 10922 116
10907 10926 102
10913 10928 199
10942 10991 195
10944 10975 92
10974 11015 213
11004 11034 196
11004 11036 37
11019 11060 238
11033 11068 205
11054 11093 266
11078 11093 57
11090 11107 191
11106 11150 67
11120 11141 72
11149 11182 246
11154 11201 159
11161 11202 285
11171 11174 15
11183 11185 284
11204 11232 271
11230 11234 172
11236 11257 26
11256 11259 79
11277 11289 282
11292 11323 101
11305 11355 15
11314 11323 75
11332 11358 38
11353 11401 191
11379 11423 237
11381 11405 138
11409 11427 4
11418 11456 172
11429 11455 14
11431 11475 90
11448 11460 219
11467 11512 58
11490 11500 164
11507 11530 298
11513 11520 218
11525 11560 186
11553 11583 22
11555 11563 89
11571 11597 55
11594 11639 1
11612 11651 248
11632 11647 154
11649 11659 36
11654 11684 67
11654 11668 130
11657 11667 34
11682 11715 34
11682 11714 120
11685 11726 222
11707 11745 242
11713 11753 219
11737 11785 259
11751 11787 216
11762 11776 223
11768 11785 146
11769 11794 121
11798 11823 234
11827 11856 43
11830 11847 12
11842 11887 255
11858 11885 207
11863 11908 237
11863 11898 46
11888 11916 99
11895 11919 228
11925 11970 38
11942 11960 168
11954 11991 222
11972 11981 171
11977 12013 25
12007 12040 91
12018 12042 174
12027 12029 63
12046 12076 141
12051 12084 172
12080 12081 155
12104 12128 47
12106 12139 258
12109 12148 283
12135 12155 258
12141 12163 151
12153 12183 31
12168 12216 23
12188 12202 175
12208 12217 45
12234 12237 296
12236 12285 53
12258 12285 126
12268 12315 110
12268 12298 253
12276 12278 229
12281 12310 223
12296 12330 248
12299 12331 169
12302 12335 20
12307 12313 225
12328 12341 288
12343 12390 192
12355 12403 200
12360 12371 256
12366 12392 202
12373 12411 297
12396 12445 5
12418 12460 106
12424 12447 73
12443 12483 49
12463 12468 237
12482 12489 85
12503 12527 143
12503 12531 185
12517 12563 295
12525 12545 78
12539 12581 22
12542 12560 270
12546 12589 35
12574 12581 177
12590 12634 99
12590 12615 22
12590 12607 105
12606 12649 209
12627 12639 102
12631 12632 23
12647 12680 241
12662 12690 295
12685 12714 203
12685 12716 14
12703 12733 150
12722 12742 159
12731 12753 164
12754 12799 93
12757 12788 12
12768 12772 158
12792 12824 89
12803 12839 297
12820 12822 182
12836 12860 169
12837 12871 243
12863 12881 86
12880 12902 181
12896 12900 172
12915 12957 87
12944 12953 263
12968 12986 35
12972 12998 232
12999 13042 29
13010 13027 212
13020 13055 153
13028 13066 283
13047 13072 31
13067 13102 291
13089 13107 55
13102 13107 128
13111 13141 169
13127 13157 257
13140 13162 102
13161 13166 4
13187 13208 87
13210 13251 246
13239 13274 272
13262 13286 68
13269 13280 102
13283 13288 132
13310 13321 127
13315 13353 57
13336 13385 27
13341 13363 44
13368 13383 159
13370 13400 293
13371 13407 202
13381 13386 248
13387 13437 237
13402 13403 175
13428 13471 107
13435 13464 271
13442 13492 288
13459 13496 71
13464 13474 142
13464 13468 159
13469 13484 122
13480 13499 94
13484 13516 273
13503 13528 71
13527 13546 206
13536 13567 245
13539 13562 23
13554 13555 110
13555 13573 289
13575 13599 39
13588 13593 138
13616 13652 86
13639 13672 148
13666 13715 152
13670 13675 173
13677 13699 90
13695 13729 245
13697 13733 61
13699 13726 173
13719 13762 35
13726 13765 92
13756 13780 299
13770 13807 258
13782 13823 99
13798 13828 245
13808 13821 105
13811 13831 86
13824 13840 230
13849 13861 94
13861 13874 185
13884 13915 236
13891 13912 178
13897 13903 224
13903 13906 155
13926 13964 69
13928 13932 82
13939 13957 219
13952 13975 57
13979 14028 108
14007 14047 51
14024 14037 154
14046 14047 207
14074 14122 39
14086 14123 201
14108 14141 293
14112 14154 227
14121 14171 257
14151 14189 249
14157 14182 24
14183 14197 225
14188 14194 238
14216 14248 239
14241 14288 230
14246 14248 82
14265 14281 179
14271 14315 120
14279 14301 175
14293 14329 236
14318 14322 151
14343 14391 51
14345 14377 182
14361 14387 26
14371 14389 296
14379 14387 17
14402 14418 22
14426 14438 250
14448 14479 49
14450 14470 273
14462 14465 276
14471 14476 296
14473 14510 55
14501 14518 147
14508 14509 217
14524 14539 130
14553 14593 224
14580 14613 127
14591 14614 112
14606 14625 102
14615 14634 21
14634 14649 89
14634 14646 25
14638 14687 168
14650 14654 261
14670 14699 49
14692 14737 238
14715 14747 194
14738 14771 196
14766 14792 264
14774 14808 234
14803 14832 126
14833 14840 182
14862 14863 88
14884 14912 251
14891 14919 237
14921 14945 7
14933 14938 153
14957 14994 275
14959 14988 274
14970 15007 112
14989 15017 299
14995 15003 17
15019 15020 41
15036 15047 98
15042 15086 268
15050 15065 194
15065 15089 222
15073 15120 214
15099 15118 169
15128 15138 256
15155 15164 238
15180 15193 222
15206 15233 183
15231 15244 281
15239 15284 21
15242 15248 190
15258 15276 157
15277 15327 257
15281 15311 12
15296 15298 68
15315 15326 86
15333 15338 61
15363 15389 120
15364 15407 163
15372 15382 37
15388 15397 183
15410 15424 172
15440 15443 251
15445 15488 171
15450 15458 32
15451 15489 136
15473 15510 180
15482 15529 216
15492 15511 36
15505 15554 128
15513 15515 268
15517 15537 195
15523 15551 246
15531 15552 290
15538 15539 208
15541 15579 230
15569 15600 37
15596 15614 90
15619 15635 19
15645 15652 11
15674 15711 86
15687 15690 213
15709 15752 119
15713 15760 56
15740 15752 35
15757 15807 268
15775 15819 98
15798 15800 173
15801 15847 271
15814 15826 137
15833 15845 35
15857 15869 36
15876 15880 191
15878 15921 14
15881 15910 178
15889 15902 75
15900 15929 252
15925 15946 115
15951 15958 256
15970 16007 257
15998 16013 240
16025 16051 178
16040 16044 232
16044 16046 119
16062 16069 200
16085 16124 48
16095 16121 208
16120 16143 293
16146 16181 297
16165 16190 4
16191 16203 165
16214 16261 182
16237 16277 249
16261 16306 11
16261 16268 202
16281 16285 89
16309 16313 68
16334 16383 118
16337 16363 80
16364 16409 263
16370 16377 32
16391 16424 176
16420 16426 155
16438 16472 191
16460 16488 244
16460 16484 249
16461 16487 34
16490 16523 244
16509 16517 123
16532 16573 226
16540 16562 181
16563 16604 153
16574 16595 218
16589 16615 154
16597 16639 67
16627 16637 266
16639 16644 74
16657 16664 25
16671 16679 144
16682 16716 279
16692 16710 292
16692 16738 247
16712 16746 94
16733 16757 18
16742 16764 192
16770 16792 214
16788 16816 12
16818 16865 244
16842 16885 257
16865 16911 289
16879 16927 160
16893 16903 262
16898 16914 43
16922 16935 241
16944 16979 97
16949 16980 234
16950 16985 233
16961 16977 4
16987 17034 208
16993 17031 131
17006 17018 146
17011 17052 58
17036 17068 112
17059 17101 98
17070 17078 115
17080 17111 71
17091 17141 95
17120 17136 38
17128 17153 130
17138 17171 157
17160 17196 139
17165 17170 228
17182 17188 225
17209 17228 61
17215 17239 154
17222 17253 42
17237 17267 246
17256 17281 123
17271 17313 101
17281 17282 3
17310 17332 193
17319 17326 274
17321 17368 291
17349 17364 28
17354 17374 128
17375 17382 124
17400 17433 46
17430 17470 221
17456 17505 151
17461 17467 265
17466 17493 97
17482 17498 184
17493 17536 55
17507 17525 291
17535 17570 77
17557 17562 85
17558 17576 257
17583 17605 231
17586 17595 100
17609 17643 5
17627 17639 151
17636 17648 47
17645 17680 214
17667 17682 168
17692 17714 231
17702 17726 20
17715 17750 290
17718 17740 26
17726 17756 10
17738 17770 249
17749 17757 37
17758 17768 203
17787 17824 251
17790 17809 193
17815 17835 216
17816 17845 138
17846 17869 282
17859 17870 126
17885 17912 182
17911 17919 282
17915 17941 108
17940 17965 77
17942 17970 247
17948 17984 15
17963 17993 31
17963 17988 97
17984 18002 137
17991 18007 6
18007 18035 257
18009 18043 192
18024 18036 83
18052 18099 272
18061 18089 190
18067 18098 300
18083 18105 123
18110 18149 258
18129 18132 248
18147 18187 61
18159 18162 198
18175 18189 149
18198 18200 173
18209 18259 104
18233 18267 248
18262 18271 75
18285 18330 240
18314 18321 20
18333 18364 141
18358 18408 90
18380 18387 22
18406 18433 32
18410 18419 56
18416 18449 276
18421 18464 292
18429 18445 88
18446 18465 214
18471 18507 251
18498 18547 198
18527 18529 12
18527 18542 214
18544 18592 236
18569 18595 205
18577 18612 22
18606 18607 275
18624 18636 184
18631 18658 108
18636 18658 84
18640 18665 99
18668 18690 35
18675 18697 190
18698 18748 94
18724 18739 62
18754 18771 92
18765 18770 105
18777 18819 13
18801 18843 101
18809 18859 240
18830 18843 237
18849 18875 221
18876 18914 51
18894 18929 153
18915 18950 45
18931 18938 11
18937 18939 18
18949 18997 74
18970 18997 62
18995 19035 254
19018 19052 119
19041 19068 226
19070 19120 100
19080 19093 237
19095 19104 115
19117 19156 135
19117 19136 137
19119 19164 100
19148 19193 1
19175 19177 258
19194 19243 257
19194 19203 100
19222 19226 110
19230 19274 234
19248 19274 249
19259 19303 254
19273 19314 238
19295 19319 39
19317 19354 164
19333 19364 209
19338 19383 173
19358 19364 87
19385 19401 58
19395 19440 299
19398 19417 87
19404 19439 66
19406 19412 50
19433 19465 210
19443 19490 4
19456 19471 266
19480 19528 36
19490 19510 287
19491 19501 208
19521 19537 100
19548 19564 216
19575 19622 141
19604 19651 173
19622 19643 130
19644 19666 40
19667 19681 90
19675 19696 96
19690 19730 152
19693 19713 164
19716 19766 236
19723 19728 207
19745 19793 213
19762 19774 77
19786 19822 55
19803 19805 211
19827 19856 104
19852 19869 128
19881 19886 138
19901 19903 135
19917 19927 199
19947 19961 37
19948 19978 255
19957 20007 51
19979 19993 214
19985 20004 278
19988 20018 279
19989 20025 36
20018 20064 95
20043 20049 67
20043 20087 26
20057 20093 57
20084 20085 118
20084 20132 38
20089 20100 83
20114 20147 57
20123 20171 228
20142 20179 128
20143 20176 160
20169 20218 56
20194 20209 6
20217 20261 284
20218 20262 8
20219 20223 131
20223 20239 300
20237 20279 142
20245 20295 274
20260 20295 129
20272 20321 44
20287 20291 174
20296 20342 87
20321 20327 10
20330 20354 233
20349 20376 33
20363 20405 298
20384 20424 244
20402 20417 165
20422 20424 213
20432 20461 205
20461 20505 288
20477 20520 285
20492 20508 5
20511 20541 63
20540 20551 198
20557 20567 148
20566 20609 246
20590 20627 53
20604 20636 292
20609 20643 184
20620 20648 119
20631 20634 288
20636 20683 23
20649 20656 264
20676 20677 193
20681 20716 148
20685 20699 174
20688 20699 159
20688 20720 51
20704 20720 31
20730 20747 224
20742 20748 282
20747 20788 28
20763 20800 157
20792 20824 268
20815 20854 297
20818 20838 262
20832 20844 23
20860 20870 177
20875 20896 261
20894 20935 260
20899 20946 208
20916 20957 176
20922 20936 276
20939 20948 179
20954 20969 41
20957 20989 108
20974 20990 33
20982 21013 50
20986 21013 217
20991 21010 11
21011 21054 287
21020 21022 181
21048 21087 61
21063 21085 213
21063 21099 233
21064 21076 233
21093 21100 188
21094 21138 39
21119 21143 22
21119 21125 131
21129 21155 91
21142 21155 68
21150 21153 266
21169 21210 120
21193 21215 95
21201 21227 78
21222 21245 251
21252 21287 205
21272 21311 225
21288 21316 298
21308 21317 135
21334 21362 7
21363 21401 277
21364 21374 108
21388 21407 222
21412 21443 179
21424 21472 234
21430 21458 21
21442 21443 243
21445 21451 110
21460 21505 231
21490 21511 83
21513 21553 90
21533 21576 285
21563 21588 30
21571 21580 202
21591 21601 227
21611 21612 15
21630 21661 232
21646 21652 296
21650 21674 103
21654 21673 125
21661 21691 196
21683 21722 162
21689 21731 12
21695 21704 261
21717 21766 228
21737 21752 54
21749 21798 182
21759 21808 174
21782 21818 45
21799 21808 58
21810 21822 148
21813 21855 22
21841 21871 62
21861 21905 116
21880 21893 267
21902 21909 136
21904 21922 204
21924 21930 21
21945 21954 209
21973 21988 102
21989 22033 284
21991 22014 33
21997 22044 250
21998 22019 238
22026 22052 234
22046 22074 130
22055 22098 217
22085 22110 123
22103 22116 76
22119 22131 292
22148 22174 14
22158 22162 203
22161 22180 241
22169 22206 103
22192 22206 243
22221 22269 42
22233 22250 268
22236 22271 248
22262 22269 43
22264 22296 197
22284 22308 101
22287 22306 116
22295 22301 138
22302 22319 223
22308 22335 110
22322 22341 70
22322 22367 170
22330 22377 183
22359 22362 57
22366 22410 140
22391 22433 164
22397 22404 174
22412 22415 194
22415 22458 58
22440 22476 70
22470 22472 158
22470 22472 106
22500 22513 96
22524 22556 253
22539 22576 109
22552 22564 187
22575 22596 145
22586 22595 268
22611 22634 4
22630 22662 105
22648 22662 176
22671 22696 87
22693 22710 90
22709 22722 211
22735 22770 296
22754 22775 165
22758 22799 98
22764 22812 278
22772 22822 246
22788 22801 251
22802 22834 154
22812 22828 97
22817 22860 143
22821 22825 296
22836 22873 274
22851 22875 228
22852 22868 131
22865 22878 233
22882 22931 112
22885 22921 88
22898 22944 246
22913 22958 274
22928 22959 126
22944 22988 33
22971 22995 288
22973 22997 88
22975 23007 62
22981 22995 124
22991 22993 88
23009 23013 263
23024 23035 199
23047 23061 226
23055 23104 180
23068 23093 139
23082 23107 28
23112 23118 149
23118 23126 254
23136 23166 158
23163 23168 267
23164 23196 46
23166 23179 232
23194 23217 134
23212 23239 153
23235 23267 169
23253 23278 79
23269 23278 64
23278 23304 33
23300 23316 268
23300 23305 278
23325 23353 31
23335 23375 257
23345 23371 263
23358 23391 84
23373 23402 232
23402 23434 27
23409 23419 108
23425 23438 53
23426 23467 258
23451 23498 70
23473 23493 251
23478 23485 237
23501 23520 144
23510 23545 40
23537 23551 252
23557 23588 167
23561 23573 227
23564 23603 267
23579 23622 146
23606 23635 60
23616 23662 189
23645 23664 297
23656 23704 10
23683 23725 209
23684 23710 265
23690 23705 199
23720 23735 294
23724 23740 212
23724 23735 140
23734 23751 151
23751 23764 30
23754 23793 88
23754 23776 276
23771 23777 163
23789 23809 297
23799 23832 123
23808 23849 249
23811 23850 296
23832 23845 149
23852 23854 118
23856 23871 150
23872 23876 53
23877 23896 242
23902 23927 3
23906 23919 164
23906 23911 70
23927 23959 157
23936 23984 198
23950 23995 287
23980 23994 140
24006 24032 106
24027 24072 56
24055 24069 203
24077 24105 49
24082 24089 229
24109 24157 71
24116 24142 16
24122 24170 232
24132 24172 107
24142 24150 8
24171 24176 13
24197 24224 80
24221 24248 49
24223 24245 235
24224 24226 167
24233 24275 24
24263 24305 76
24279 24324 53
24294 24300 269
24304 24345 107
24334 24375 198
24355 24377 237
24369 24403 266
24389 24432 299
24400 24418 133
24409 24439 173
24434 24464 256
24450 24471 66
24451 24462 215
24453 24484 101
24483 24511 10
24495 24536 139
24516 24554 257
24529 24534 85
24538 24578 192
24557 24565 117
24566 24591 292
24581 24594 166
24602 24632 125
24629 24637 35
24633 24635 275
24659 24691 24
24680 24717 21
24706 24711 275
24710 24748 288
24736 24772 209
24761 24771 260
24774 24784 172
24785 24824 2
24794 24812 175
24822 24852 69
24836 24863 202
24845 24866 103
24858 24864 86
24877 24880 73
24885 24920 268
24902 24942 75
24929 24950 114
24954 24981 140
24964 24979 167
24992 25027 37
24994 25006 282
25024 25025 107
25045 25050 33
25045 25048 66
25061 25062 136
25074 25075 57
25075 25089 70
25088 25118 146
25104 25149 183
25129 25172 154
25144 25185 296
25147 25195 265
25167 25216 23
25186 25230 234
25216 25245 12
25224 25249 116
25231 25247 30
25258 25264 113
25283 25304 264
25297 25342 56
25309 25355 168
25334 25352 264
25343 25373 286
25361 25368 252
25391 25422 113
25402 25426 78
25431 25442 30
25446 25452 70
25470 25476 287
25483 25517 203
25501 25514 105
25509 25528 202
25527 25544 105
25539 25558 127
25556 25579 243
25570 25577 268
25576 25603 27
25585 25597 117
25595 25643 97
25617 25640 181
25633 25657 295
25639 25681 73
25640 25648 147
25652 25701 285
25668 25706 129
25677 25701 35
25696 25735 297
25726 25733 291
25737 25758 282
25765 25773 226
25788 25800 299
25812 25820 97
25818 25841 266
25839 25860 34
25842 25862 23
25871 25915 78
25875 25916 239
25876 25919 196
25886 25919 194
25888 25937 227
25889 25914 14
25891 25937 37
25920 25963 184
25940 25946 202
25951 25999 245
25958 25974 109
25964 26004 53
25969 25970 210
25980 26019 205
25998 26036 111
26026 26061 69
26045 26053 289
26058 26086 5
26070 26090 220
26070 26080 163
26098 26122 210
26110 26137 292
26131 26161 224
26131 26149 99
26140 26154 190
26148 26161 291
26149 26150 206
26170 26214 32
26189 26196 164
26217 26251 10
26245 26277 235
26268 26292 95
26269 26294 247
26285 26335 21
26315 26316 93
26320 26366 47
26345 26387 238
26348 26365 3
26362 26403 237
26374 26399 25
26396 26437 93
26398 26421 117
26401 26419 199
26418 26436 246
26418 26465 33
26424 26433 193
26448 26475 71
26462 26500 30
26475 26510 205
26499 26535 277
26513 26521 71
26532 26573 144
26551 26573 164
26557 26588 153
26578 26627 1
26599 26639 273
26614 26625 159
26619 26626 262
26636 26677 153
26653 26697 133
26656 26666 259
26664 26707 61
26688 26725 247
26692 26718 247
26709 26710 251
26710 26743 226
26713 26752 164
26731 26763 219
26740 26762 146
26742 26786 176
26772 26776 274
26791 26798 139
26808 26823 255
26816 26832 132
26833 26844 270
26849 26899 93
26877 26882 79
26877 26919 95
26905 26937 50
26916 26937 20
26927 26968 275
26935 26980 88
26952 26968 220
26981 26984 102
26994 27038 203
26999 27004 37
27003 27036 139
27026 27075 294
27034 27077 78
27055 27094 192
27065 27075 134
27077 27103 76
27082 27126 289
27100 27104 89
27116 27161 21
27144 27175 244
27164 27198 9
27170 27210 170
27200 27233 112
27217 27252 268
27224 27271 174
27254 27297 254
27282 27312 130
27285 27332 234
27315 27319 31
27317 27322 130
27318 27351 112
27325 27358 242
27343 27374 109
27343 27384 95
27345 27360 192
27374 27390 29
27388 27398 166
27408 27436 176
27421 27460 47
27422 27466 236
27436 27461 55
27452 27474 61
27455 27485 185
27459 27494 134
27471 27492 283
27495 27513 280
27516 27563 246
27528 27536 165
27542 27574 137
27562 27569 188
27588 27635 2
27601 27648 188
27626 27674 182
27653 27695 126
27663 27685 185
27685 27729 272
27702 27704 24
27722 27725 97
27733 27739 202
27746 27779 211
27752 27779 51
27764 27765 227
27775 27809 128
27788 27803 138
27817 27866 124
27823 27835 285
27844 27878 140
27874 27876 194
27884 27926 165
27899 27916 197
27916 27950 271
27918 27926 199
27931 27969 18
27937 27968 29
27940 27981 104
27956 27985 151
27973 28015 63
27983 28002 215
28005 28015 205
28024 28058 232
28049 28062 212
28070 28107 172
28094 28096 103
28109 28130 174
28136 28141 37
28142 28159 76
28143 28150 83
28161 28210 35
28189 28228 166
28217 28256 137
28244 28250 12
28258 28292 184
28285 28321 36
28308 28320 131
28331 28362 207
28361 28376 115
28382 28414 166
28395 28396 152
28406 28415 94
28425 28428 54
28428 28429 298
28447 28477 32
28463 28472 157
28492 28524 252
28500 28503 277
28522 28538 255
28551 28600 71
28560 28591 231
28562 28572 164
28563 28586 153
28584 28605 262
28604 28611 18
28614 28645 145
28637 28664 197
28642 28668 270
28652 28674 148
28656 28680 242
28659 28686 279
28682 28719 39
28701 28717 135
28714 28748 131
28741 28752 254
28765 28789 107
28793 28824 263
28807 28829 129
28836 28865 293
28858 28869 235
28880 28881 191
28894 28916 120
28915 28933 11
28926 28961 96
28935 28966 81
28935 28949 250
28945 28955 84
28948 28989 90
28969 28973 171
28983 29012 73
28984 29028 232
29002 29006 170
29010 29057 252
29029 29035 136
29044 29055 121
29063 29065 112
29078 29126 6
29106 29122 256
29121 29135 285
29150 29188 74
29158 29202 228
29182 29197 235
29190 29210 253
29194 29197 137
29207 29218 245
29232 29251 85
29249 29252 76
29251 29290 123
29275 29310 290
29300 29310 216
29305 29353 230
29322 29364 212
29328 29351 51
29353 29361 26
29373 29403 117
29403 29431 211
29418 29456 61
29418 29468 253
29426 29468 99
29447 29451 44
29469 29474 265
29482 29532 177
29507 29525 155
29526 29566 75
29534 29539 45
29549 29568 141
29556 29565 218
29563 29564 209
29593 29610 217
29622 29667 237
29647 29670 125
29650 29654 69
29662 29703 291
29664 29688 236
29687 29737 123
29693 29703 203
29698 29705 279
29724 29772 91
29749 29770 60
29774 29798 67
29784 29813 106
29807 29822 173
29821 29856 110
29821 29835 101
29851 29865 289
29869 29907 164
29897 29927 104
29918 29944 270
29935 29957 144
29952 29958 264
29982 29999 264
30011 30041 92
30025 30052 232
30046 30055 40
30052 30053 120
30073 30115 222
30099 30135 24
30102 30121 211
30104 30139 277
30123 30150 19
30138 30160 5
30158 30177 65
30177 30223 75
