5000
10 34 45
29 69 168
29 75 101
56 93 72
72 84 7
74 119 165
88 119 289
114 135 18
132 149 181
159 164 228
189 225 172
206 229 250
210 254 59
217 252 241
239 269 61
266 294 217
288 333 120
306 352 143
320 323 94
348 356 147
349 392 138
354 399 188
367 401 254
392 431 167
406 431 247
427 471 164
439 472 2
446 460 236
449 483 169
455 505 247
455 494 129
469 490 194
489 493 102
492 521 137
505 528 45
518 543 160
542 552 121
551 576 115
569 577 86
578 597 243
595 602 94
619 621 297
638 639 223
662 688 197
673 684 86
684 731 7
686 713 10
698 701 197
722 754 280
746 788 162
768 772 93
773 817 163
794 833 211
805 840 159
806 844 112
829 868 206
842 887 86
848 852 260
848 850 25
850 859 5
868 918 7
877 902 123
883 923 287
897 915 273
911 923 207
914 947 122
938 955 141
951 981 188
952 986 190
952 957 195
978 1002 24
990 1023 286
1004 1009 227
1011 1052 81
1023 1055 129
1033 1064 280
1062 1063 298
1069 1080 178
1082 1104 295
1085 1087 122
1112 1158 19
1135 1136 13
1159 1197 226
1171 1208 227
1181 1227 68
1211 1221 290
1231 1258 247
1257 1261 25
1268 1316 248
1282 1326 113
1295 1344 213
1320 1353 98
1340 1364 202
1354 1389 88
1378 1423 13
1408 1430 57
1410 1424 164
1438 1457 174
1442 1480 262
1455 1480 111
1457 1482 290
1469 1515 169
1471 1482 257
1499 1528 65
1521 1541 51
1521 1553 200
1551 1567 190
1558 1607 257
1587 1607 212
1598 1647 244
1607 1616 284
1614 1650 189
1625 1641 129
1640 1645 237
1642 1671 50
1655 1688 136
1671 1689 68
1680 1724 180
1707 1727 22
1736 1759 8
1741 1783 230
1765 1787 274
1765 1773 80
1767 1797 223
1789 1818 58
1793 1838 19
1799 1844 49
1809 1823 175
1824 1843 36
1830 1836 65
1852 1853 183
1863 1864 243
1876 1924 116
1897 1912 231
1909 1958 177
1924 1957 287
1931 1933 285
1949 1951 78
1961 1989 211
1962 2004 300
1970 2007 247
1985 1990 26
1999 2048 77
2008 2020 141
2037 2057 238
2067 2087 75
2075 2081 108
2098 2121 232
2125 2160 6
2138 2187 183
2155 2180 86
2170 2185 269
2170 2188 83
2200 2245 40
2217 2256 246
2228 2255 269
2253 2300 38
2263 2268 112
2272 2316 295
2280 2293 8
2304 2323 118
2327 2337 29
2342 2392 269
2352 2391 67
2352 2398 267
2354 2376 250
2382 2403 144
2410 2457 294
2428 2460 70
2450 2453 295
2462 2469 59
2492 2539 256
2511 2561 14
2528 2562 172
2529 2532 236
2535 2557 263
2562 2569 246
2587 2636 270
2602 2620 278
2625 2657 43
2640 2657 200
2662 2692 263
2667 2668 272
2672 2685 31
2688 2722 65
2705 2738 182
2721 2766 116
2741 2774 100
2754 2794 219
2777 2784 19
2797 2845 127
2798 2840 235
2813 2854 300
2830 2875 194
2858 2875 110
2888 2909 283
2895 2900 64
2895 2896 78
2915 2929 87
2943 2970 2
2948 2976 213
2976 3002 45
2999 3017 39
3026 3075 244
3047 3066 87
3052 3055 7
3077 3109 88
3100 3107 225
3123 3161 217
3143 3154 205
3147 3159 28
3164 3210 33
3194 3229 54
3219 3221 97
3237 3266 166
3257 3276 236
3282 3292 154
3298 3311 164
3326 3373 299
3340 3355 168
3361 3377 165
3386 3388 3
3403 3416 180
3421 3463 297
3441 3490 252
3455 3481 36
3460 3478 158
3473 3496 199
3479 3497 283
3501 3505 220
3502 3521 51
3525 3541 90
3549 3552 12
3555 3574 249
3560 3597 138
3581 3588 14
3585 3622 127
3612 3642 16
3639 3649 202
3664 3707 71
3675 3690 60
3697 3724 106
3716 3723 89
3727 3748 117
3737 3749 205
3765 3776 245
3787 3816 80
3802 3836 114
3813 3838 277
3836 3881 46
3866 3896 281
3893 3912 47
3904 3953 247
3932 3975 141
3959 3991 48
3963 3986 280
3969 3978 27
3975 4018 168
3989 4038 265
4013 4057 209
4026 4028 251
4035 4042 292
4052 4075 238
4081 4084 9
4089 4137 248
4091 4115 175
4094 4129 108
4113 4144 237
4127 4143 43
4130 4171 132
4140 4145 62
4164 4213 209
4180 4183 266
4200 4243 122
4221 4240 96
4222 4245 129
4232 4260 295
4259 4277 261
4264 4270 102
4283 4301 282
4291 4341 29
4303 4307 246
4304 4334 55
4314 4315 185
4336 4339 207
4341 4358 193
4370 4414 235
4387 4432 21
4402 4445 177
4429 4430 203
4433 4483 146
4458 4471 289
4464 4482 68
4488 4531 60
4503 4526 257
4532 4568 78
4548 4571 196
4549 4578 286
4567 4577 269
4592 4631 80
4607 4609 175
4631 4655 215
4641 4687 71
4663 4664 258
4684 4689 98
4685 4701 217
4700 4747 143
4718 4739 184
4730 4734 103
4747 4796 209
4750 4783 148
4773 4812 194
4793 4806 141
4807 4821 21
4820 4842 268
4843 4886 144
4871 4876 131
4887 4925 19
4912 4919 89
4931 4966 212
4944 4953 206
4971 5019 123
4975 5007 237
4985 4989 262
5003 5020 219
5005 5044 164
5015 5061 103
5017 5041 23
5026 5076 37
5043 5063 263
5069 5087 36
5095 5103 255
5105 5133 31
5134 5146 41
5141 5173 232
5143 5168 208
5161 5187 19
5191 5203 65
5197 5211 215
5219 5222 14
5230 5270 10
5235 5271 290
5256 5289 95
5256 5258 251
5256 5292 51
5268 5312 24
5274 5306 220
5292 5307 47
5311 5319 265
5315 5358 105
5340 5353 70
5344 5370 162
5374 5382 178
5396 5414 68
5411 5432 189
5418 5449 91
5430 5466 219
5430 5434 209
5453 5462 7
5473 5512 121
5483 5503 242
5492 5517 233
5501 5510 30
5526 5535 273
5543 5572 143
5555 5574 166
5556 5564 177
5565 5584 159
5581 5583 156
5583 5603 35
5608 5658 138
5614 5650 101
5623 5642 206
5653 5682 139
5667 5688 168
5673 5714 41
5701 5735 289
5723 5769 252
5744 5777 291
5760 5803 94
5775 5777 179
5779 5809 103
5788 5815 169
5818 5843 255
5822 5852 133
5834 5877 77
5860 5891 275
5864 5866 289
5867 5875 73
5876 5891 275
5876 5900 100
5901 5936 130
5901 5911 159
5908 5928 158
5914 5937 117
5937 5944 268
5949 5974 53
5964 5966 249
5969 5972 141
5982 6014 215
5999 6020 23
6026 6032 200
6030 6065 48
6031 6045 115
6044 6062 200
6074 6118 54
6076 6123 137
6105 6135 71
6106 6150 42
6124 6131 202
6145 6147 173
6172 6173 108
6175 6199 78
6176 6211 200
6188 6220 158
6189 6221 156
6219 6261 84
6231 6267 124
6234 6238 140
6247 6257 19
6275 6323 124
6282 6287 275
6299 6339 240
6317 6361 114
6330 6347 163
6353 6389 268
6375 6421 262
6386 6393 151
6407 6452 229
6429 6447 160
6429 6467 134
6449 6461 276
6460 6465 92
6476 6495 181
6476 6499 22
6498 6504 200
6526 6556 218
6541 6542 169
6557 6561 278
6559 6570 259
6562 6608 55
6577 6627 213
6592 6622 262
6596 6599 141
6609 6654 202
6615 6648 22
6645 6657 268
6665 6667 295
6695 6720 87
6705 6709 279
6730 6761 105
6760 6796 30
6773 6801 107
6774 6809 213
6790 6833 74
6805 6819 291
6814 6841 287
6823 6869 79
6836 6861 246
6845 6877 233
6869 6913 185
6879 6897 128
6893 6934 174
6899 6900 86
6900 6943 18
6930 6973 293
6930 6959 154
6941 6950 212
6957 6976 5
6986 7004 146
6990 7016 41
7016 7059 296
7020 7031 46
7029 7043 50
7040 7080 149
7040 7079 73
7046 7052 276
7054 7068 75
7063 7095 38
7087 7094 286
7100 7127 232
7127 7133 281
7150 7175 47
7154 7165 137
7175 7215 103
7187 7225 54
7210 7226 299
7217 7235 245
7225 7266 251
7246 7253 271
7255 7258 150
7275 7281 10
7291 7340 64
7312 7331 56
7323 7331 102
7351 7400 75
7357 7367 153
7358 7394 119
7370 7393 101
7372 7399 48
7394 7411 66
7418 7465 171
7448 7464 81
7457 7475 87
7457 7471 217
7458 7492 264
7460 7505 143
7483 7499 90
7511 7552 22
7514 7561 291
7542 7580 41
7553 7583 180
7576 7587 6
7602 7639 152
7632 7643 90
7635 7654 12
7656 7698 120
7675 7691 115
7703 7725 69
7706 7730 56
7716 7743 59
7738 7788 162
7749 7768 100
7772 7781 288
7790 7808 235
7791 7804 153
7806 7855 233
7811 7829 237
7835 7880 117
7851 7884 90
7875 7885 270
7891 7941 8
7899 7916 232
7923 7972 29
7929 7978 75
7948 7981 48
7961 7966 64
7983 8001 279
8007 8037 67
8029 8058 268
8053 8080 285
8058 8080 269
8064 8109 171
8083 8115 169
8099 8123 8
8124 8158 232
8145 8179 102
8168 8177 234
8185 8224 2
8208 8224 290
8224 8254 86
8235 8285 274
8240 8267 39
8245 8253 76
8254 8294 129
8264 8306 145
8284 8329 246
8287 8330 83
8311 8322 225
8316 8363 87
8322 8335 248
8334 8371 45
8350 8361 254
8357 8372 173
8377 8413 127
8391 8423 32
8406 8412 53
8411 8449 153
8436 8453 248
8442 8456 269
8471 8505 184
8476 8517 162
8505 8514 250
8514 8545 104
8543 8580 134
8569 8578 184
8592 8623 79
8592 8608 92
8595 8619 131
8607 8610 19
8613 8652 138
8638 8662 257
8667 8703 208
8695 8731 120
8724 8754 96
8736 8786 129
8756 8777 289
8761 8767 192
8790 8799 123
8810 8845 154
8811 8847 80
8840 8882 171
8862 8890 56
8889 8913 112
8899 8921 197
8908 8954 274
8933 8945 223
8935 8946 146
8956 8997 107
8972 8975 77
8981 8999 75
8986 9005 101
9007 9056 7
9035 9085 203
9037 9042 165
9047 9050 291
9047 9051 160
9071 9110 123
9083 9115 180
9097 9144 197
9110 9134 152
9119 9120 289
9127 9162 215
9133 9183 148
9156 9170 244
9166 9177 199
9192 9213 246
9199 9239 43
9210 9259 233
9214 9261 180
9214 9223 4
9228 9264 169
9242 9289 110
9253 9258 40
9259 9291 180
9275 9287 274
9281 9304 184
9287 9313 202
9297 9335 175
9324 9348 87
9352 9385 198
9369 9412 299
9383 9410 212
9396 9434 26
9398 9417 111
9423 9444 131
9439 9462 189
9439 9466 191
9446 9451 177
9460 9484 74
9488 9524 166
9502 9535 122
9530 9534 40
9551 9568 26
9563 9593 92
9583 9610 116
9609 9639 137
9631 9671 14
9646 9653 200
9667 9686 255
9667 9692 114
9693 9736 157
9719 9762 35
9730 9733 8
9758 9773 56
9787 9792 150
9800 9802 73
9804 9821 244
9811 9847 65
9813 9848 191
9839 9885 64
9861 9875 89
9882 9912 17
9897 9925 294
9917 9955 168
9918 9947 144
9930 9973 54
9950 9961 67
9966 9994 41
9977 10002 139
10002 10021 183
10028 10053 281
10033 10082 258
10055 10077 176
10063 10096 68
10068 10098 116
10080 10091 58
10100 10103 179
10112 10133 91
10119 10128 169
10128 10138 195
10142 10160 32
10166 10204 244
10191 10227 266
10200 10218 162
10213 10254 43
10227 10242 45
10246 10252 298
10263 10291 63
10290 10299 142
10314 10355 140
10337 10348 222
10337 10380 54
10351 10375 286
10370 10397 125
10384 10399 90
10413 10439 194
10430 10471 194
10438 10485 220
10447 10458 245
10448 10469 300
10452 10464 148
10467 10472 142
10487 10492 129
10502 10540 272
10509 10545 154
10509 10532 277
10529 10549 178
10531 10579 243
10543 10576 45
10559 10573 196
10583 10610 188
10603 10615 178
10620 10669 217
10649 10655 21
10674 10677 127
10696 10738 183
10701 10722 214
10705 10732 101
10710 10727 213
10730 10753 298
10739 10779 138
10763 10764 252
10773 10823 248
10777 10802 19
10800 10815 209
10822 10849 2
10847 10848 8
10849 10850 136
10869 10889 189
10882 10888 140
10898 10945 244
10912 10927 223
10922 10928 240
10952 10984 159
10978 10986 165
11001 11008 144
11022 11061 186
11023 11069 233
11024 11030 79
11030 11039 240
11049 11067 233
11074 11110 235
11080 11098 10
11102 11109 84
11110 11130 74
11120 11168 100
11138 11186 219
11142 11146 258
11148 11174 56
11175 11215 196
11186 11224 209
11204 11225 252
11224 11258 127
11247 11250 165
11248 11280 203
11267 11270 272
11290 11332 85
11315 11325 4
11327 11347 225
11347 11384 179
11366 11368 82
11366 11398 164
11377 11427 16
11394 11395 182
11398 11439 127
11416 11460 248
11426 11434 115
11450 11490 136
11467 11486 244
11468 11508 152
11483 11515 155
11491 11515 7
11494 11530 166
11516 11565 212
11525 11537 258
11549 11569 8
11552 11596 94
11555 11571 132
11562 11609 28
11577 11614 165
11602 11609 47
11603 11626 300
11614 11653 42
11625 11667 119
11654 11671 51
11672 11713 91
11702 11720 94
11726 11762 297
11731 11751 162
11747 11796 19
11755 11769 183
11766 11778 11
11782 11818 192
11799 11844 273
11825 11833 211
11837 11878 185
11844 11877 257
11851 11853 295
11868 11885 136
11869 11900 7
11899 11946 50
11913 11949 240
11914 11926 16
11915 11961 13
11938 11972 278
11950 11996 145
11966 11971 116
11991 12038 158
11999 12017 3
12012 12038 44
12038 12070 58
12050 12094 191
12075 12105 44
12089 12110 99
12101 12146 257
12127 12159 218
12132 12145 13
12143 12177 289
12146 12161 7
12174 12212 205
12189 12233 50
12196 12213 98
12205 12229 117
12217 12237 175
12225 12270 112
12249 12250 181
12250 12300 125
12279 12298 87
12283 12287 85
12294 12310 134
12296 12334 152
12297 12326 46
12297 12334 127
12309 12348 260
12339 12360 46
12356 12393 169
12368 12404 138
12386 12431 174
12402 12408 94
12411 12454 198
12433 12445 166
12434 12458 3
12450 12455 205
12464 12470 220
12483 12519 30
12503 12536 109
12504 12512 118
12529 12533 49
12547 12586 42
12547 12562 17
12573 12581 235
12599 12629 41
12604 12643 281
12617 12627 115
12646 12693 102
12654 12691 25
12667 12702 27
12671 12693 100
12686 12712 94
12708 12722 258
12735 12760 179
12736 12768 116
12766 12801 72
12770 12810 90
12790 12821 268
12808 12819 265
12833 12843 38
12834 12872 212
12839 12886 133
12858 12862 82
12880 12928 153
12882 12921 264
12883 12903 89
12898 12912 130
12923 12939 224
12946 12990 72
12971 13017 260
12974 12996 279
12975 13021 183
12997 13036 165
13012 13035 281
13032 13065 173
13037 13049 221
13039 13084 174
13059 13072 229
13082 13097 158
13099 13122 168
13110 13128 267
13140 13145 246
13155 13161 119
13181 13229 245
13185 13217 187
13191 13210 249
13206 13227 161
13236 13249 53
13260 13288 180
13281 13307 174
13303 13323 130
13323 13368 47
13323 13361 41
13334 13371 84
13340 13349 198
13370 13405 179
13400 13409 253
13429 13440 61
13450 13461 260
13476 13499 22
13488 13521 147
13496 13546 253
13509 13528 103
13538 13580 252
13566 13581 128
13582 13588 18
13598 13616 71
13619 13651 293
13635 13675 76
13635 13656 206
13638 13668 104
13642 13663 16
13643 13681 260
13648 13695 226
13667 13708 3
13670 13695 70
13670 13699 210
13679 13719 197
13697 13706 142
13724 13769 252
13730 13744 25
13751 13801 285
13775 13813 162
13777 13790 167
13793 13808 150
13822 13862 104
13836 13879 114
13836 13874 3
13845 13857 274
13853 13864 47
13866 13913 178
13873 13916 280
13897 13942 188
13926 13963 177
13934 13948 200
13947 13975 242
13947 13966 90
13968 14007 25
13997 14011 26
14003 14014 70
14016 14065 4
14045 14072 209
14048 14050 150
14077 14086 76
14084 14119 146
14096 14125 140
14115 14161 269
14128 14138 208
14145 14179 115
14159 14194 171
14163 14167 262
14171 14198 216
14200 14212 57
14229 14242 87
14245 14282 119
14267 14297 280
14295 14329 227
14310 14358 72
14329 14362 73
14342 14376 188
14362 14364 52
14370 14381 255
14394 14410 54
14404 14427 167
14417 14441 284
14447 14455 286
14455 14479 158
14475 14515 126
14490 14525 37
14511 14545 190
14538 14565 186
14558 14587 161
14577 14618 228
14597 14645 273
14616 14620 176
14618 14662 110
14637 14673 178
14641 14687 238
14669 14710 79
14677 14680 239
14689 14707 274
14713 14740 223
14722 14737 291
14730 14779 174
14747 14795 127
14763 14795 58
14767 14803 178
14774 14778 44
14802 14837 118
14825 14868 50
14851 14883 145
14862 14872 263
14882 14890 44
14891 14903 124
14906 14907 121
14934 14950 168
14959 14968 43
14983 15015 156
14987 14996 135
14994 14998 202
15013 15024 201
15017 15037 194
15030 15070 187
15046 15076 50
15065 15097 67
15074 15093 10
15090 15091 175
15091 15097 155
15109 15110 299
15139 15147 230
15144 15191 271
15158 15173 155
15169 15208 276
15177 15226 78
15197 15224 8
15197 15229 33
15226 15251 55
15249 15297 174
15265 15277 195
15266 15306 122
15274 15279 266
15301 15314 281
15309 15349 58
15311 15334 217
15333 15374 190
15354 15363 48
15384 15392 226
15393 15417 110
15399 15447 195
15407 15457 205
15437 15481 45
15446 15458 270
15467 15477 88
15488 15497 206
15516 15536 22
15522 15571 86
15529 15544 144
15529 15556 151
15559 15592 137
15580 15593 130
15592 15610 35
15615 15629 148
15620 15669 212
15634 15672 69
15646 15651 242
15669 15719 213
15671 15718 159
15679 15708 138
15681 15705 150
15699 15748 160
15723 15768 213
15724 15758 32
15742 15776 271
15759 15776 136
15762 15772 244
15763 15775 222
15792 15838 269
15804 15850 133
15809 15823 170
15827 15871 221
15840 15861 195
15840 15848 83
15868 15887 259
15879 15887 272
15905 15939 282
15933 15963 53
15938 15960 280
15957 15999 256
15966 15985 88
15966 15981 59
15970 15990 177
15988 16016 119
15988 16017 16
16009 16041 229
16025 16047 196
16033 16038 24
16052 16083 113
16062 16109 98
16078 16113 280
16085 16110 201
16092 16125 2
16119 16151 208
16143 16144 217
16145 16170 265
16157 16180 185
16168 16170 141
16181 16196 60
16189 16199 119
16194 16229 297
16211 16253 140
16236 16243 117
16253 16303 119
16267 16303 190
16293 16330 66
16320 16327 224
16334 16372 268
16335 16346 17
16348 16370 153
16356 16370 287
16373 16374 142
16396 16418 215
16403 16412 137
16407 16445 296
16430 16458 164
16439 16466 45
16449 16480 197
16457 16491 131
16464 16500 120
16489 16492 13
16493 16541 192
16496 16502 273
16500 16516 27
16501 16505 93
16506 16550 184
16528 16540 173
16535 16565 45
16550 16599 242
16552 16578 88
16580 16611 279
16604 16627 139
16612 16631 96
16642 16658 169
16660 16667 240
16665 16669 272
16665 16701 39
16695 16731 266
16706 16741 70
16720 16753 226
16724 16729 9
16742 16775 90
16763 16792 294
16765 16798 15
16784 16789 234
16795 16800 64
16815 16837 182
16833 16841 244
16861 16867 156
16862 16891 295
16876 16922 83
16904 16919 181
16918 16924 42
16946 16988 65
16952 16983 284
16976 16991 103
17006 17019 276
17024 17066 17
17038 17081 169
17062 17081 27
17067 17100 131
17071 17109 14
17084 17089 255
17106 17131 222
17114 17145 223
17132 17153 73
17157 17185 45
17170 17214 288
17184 17186 8
17184 17225 137
17194 17204 250
17205 17218 287
17231 17262 149
17232 17274 202
17256 17295 76
17261 17309 142
17271 17309 33
17295 17343 67
17317 17363 67
17347 17353 170
17371 17377 105
17396 17423 190
17396 17410 221
17396 17405 141
17400 17418 120
17403 17406 106
17427 17449 141
17453 17468 194
17482 17510 248
17510 17547 125
17530 17559 32
17536 17553 147
17565 17614 286
17569 17586 59
17583 17628 92
17593 17620 12
17595 17600 262
17613 17639 219
17642 17666 28
17651 17688 109
17657 17693 169
17664 17699 287
17688 17695 135
17688 17694 260
17703 17741 120
17714 17741 299
17727 17763 186
17757 17767 269
17767 17792 209
17788 17808 50
17807 17855 57
17811 17827 249
17822 17870 136
17842 17882 185
17847 17853 236
17862 17881 209
17891 17933 71
17911 17927 35
17913 17915 74
17931 17978 191
17932 17953 76
17952 18001 256
17980 18014 49
17988 18019 103
17999 18002 45
18029 18070 206
18030 18059 205
18036 18068 29
18047 18065 220
18065 18103 290
18090 18114 122
18092 18106 57
18112 18162 114
18124 18157 22
18149 18185 207
18168 18188 48
18175 18178 284
18194 18196 71
18208 18211 41
18222 18260 270
18226 18259 209
18252 18281 1
18279 18305 273
18291 18329 193
18291 18327 144
18295 18322 62
18316 18364 14
18333 18350 168
18343 18347 27
18364 18401 163
18376 18425 169
18405 18447 100
18413 18432 104
18423 18452 69
18446 18476 69
18466 18515 238
18489 18494 122
18493 18495 6
18509 18548 66
18535 18565 28
18536 18551 197
18556 18590 30
18582 18617 177
18612 18643 242
18638 18646 159
18652 18682 44
18661 18685 16
18691 18706 204
18718 18729 288
18726 18761 52
18745 18781 93
18770 18791 216
18795 18820 148
18795 18828 164
18801 18812 267
18808 18855 207
18811 18859 30
18840 18858 44
18865 18876 223
18871 18882 24
18886 18893 45
18912 18955 157
18934 18948 175
18946 18985 32
18964 19001 85
18985 18993 242
18995 19022 121
18999 19018 5
19022 19056 260
19047 19076 179
19061 19066 160
19070 19104 276
19073 19089 105
19091 19140 1
19100 19120 211
19112 19156 28
19140 19188 128
19168 19218 156
19187 19198 142
19188 19216 153
19218 19257 63
19226 19242 99
19247 19271 259
19261 19271 91
19279 19300 70
19308 19320 299
19331 19350 218
19358 19397 94
19379 19429 88
19387 19428 150
19388 19417 98
19399 19400 151
19401 19405 243
19423 19452 162
19450 19495 233
19467 19508 288
19471 19520 281
19478 19505 102
19503 19543 168
19503 19544 3
19515 19516 172
19541 19559 58
19552 19571 276
19580 19612 36
19588 19591 36
19613 19642 67
19638 19687 81
19651 19653 237
19676 19699 274
19688 19701 117
19689 19733 118
19704 19742 180
19728 19733 1
19743 19757 58
19744 19753 130
19773 19803 45
19780 19801 17
19809 19838 78
19827 19868 230
19851 19883 213
19854 19867 12
19859 19876 267
19872 19903 238
19889 19905 122
19894 19932 57
19922 19925 272
19935 19955 280
19941 19987 51
19952 19976 108
19966 20004 137
19967 19983 244
19983 19989 129
20011 20058 173
20041 20044 223
20053 20066 285
20063 20073 66
20079 20115 34
20109 20132 177
20131 20145 119
20132 20154 128
20162 20205 74
20184 20234 74
20214 20217 86
20242 20263 31
20268 20294 250
20279 20291 270
20309 20322 298
20332 20366 138
20354 20376 167
20361 20404 163
20377 20397 197
20404 20446 63
20416 20424 86
20428 20447 71
20433 20449 298
20456 20470 123
20473 20493 11
20494 20510 208
20497 20540 267
20524 20529 214
20526 20557 277
20545 20572 41
20558 20591 252
20564 20613 285
20583 20589 63
20591 20606 175
20609 20610 206
20637 20659 53
20642 20664 299
20670 20681 157
20684 20704 240
20710 20757 22
20730 20750 150
20742 20769 120
20760 20803 241
20767 20788 17
20790 20820 108
20803 20840 140
20832 20873 47
20861 20886 66
20881 20900 274
20891 20931 61
20901 20905 232
20908 20947 6
20921 20940 84
20932 20971 284
20955 20956 116
20984 20985 25
21002 21019 171
21029 21049 196
21031 21060 19
21049 21056 156
21051 21081 47
21059 21107 193
21075 21087 269
21087 21115 93
21104 21120 292
21128 21162 165
21139 21169 103
21160 21196 152
21177 21184 147
21197 21245 69
21216 21223 71
21242 21253 260
21264 21278 263
21273 21300 284
21291 21319 90
21300 21304 146
21322 21359 67
21349 21365 194
21350 21368 188
21376 21413 211
21386 21411 233
21395 21427 193
21410 21425 55
21439 21486 176
21457 21504 24
21484 21505 282
21496 21525 248
21510 21543 8
21511 21524 128
21521 21533 205
21535 21575 5
21537 21558 114
21565 21571 4
21574 21592 219
21575 21625 274
21592 21636 113
21614 21652 288
21615 21661 271
21624 21625 294
21635 21660 287
21662 21663 70
21677 21709 109
21696 21738 10
21707 21726 30
21707 21742 235
21720 21768 297
21739 21767 9
21739 21767 154
21746 21755 131
21769 21792 212
21769 21797 161
21783 21817 90
21786 21810 214
21786 21833 15
21788 21831 127
21803 21814 85
21833 21859 264
21845 21859 116
21860 21871 112
21866 21916 108
21878 21915 118
21907 21928 260
21935 21964 271
21949 21979 259
21979 21982 160
21979 21980 243
21992 22022 189
22021 22053 126
22030 22057 297
22034 22070 61
22060 22102 203
22077 22090 147
22100 22136 152
22111 22148 178
22116 22152 107
22146 22194 82
22152 22198 31
22172 22175 111
22179 22205 132
22181 22203 188
22182 22216 142
22198 22237 227
22226 22234 243
22238 22242 292
22265 22300 247
22275 22303 138
22276 22308 272
22295 22345 202
22322 22356 258
22323 22361 94
22351 22371 155
22373 22404 290
22399 22411 138
22400 22411 256
22402 22414 83
22404 22426 286
22406 22425 174
22430 22457 199
22443 22459 140
22449 22464 221
22457 22480 192
22467 22479 17
22470 22495 159
22486 22519 93
22496 22502 92
22524 22532 182
22531 22556 36
22560 22609 96
22590 22608 21
22590 22626 54
22618 22664 220
22634 22665 110
22651 22672 236
22654 22675 216
22670 22684 237
22677 22715 250
22692 22736 284
22696 22734 180
22725 22743 258
22733 22738 62
22745 22775 183
22762 22786 270
22789 22838 7
22798 22835 110
22822 22852 171
22841 22868 288
22850 22896 171
22868 22869 252
22889 22902 138
22908 22924 188
22936 22954 257
22941 22966 116
22962 22988 258
22965 22997 240
22983 22984 107
22998 23019 54
23028 23050 184
23029 23078 174
23058 23061 136
23059 23062 206
23075 23091 29
23101 23113 111
23112 23136 160
23139 23185 290
23165 23170 291
23175 23221 63
23194 23227 58
23219 23228 180
23248 23269 220
23272 23277 226
23277 23301 148
23281 23305 287
23295 23312 127
23324 23334 75
23334 23344 132
23364 23390 66
23392 23433 131
23408 23451 218
23413 23414 21
23440 23452 28
23449 23492 233
23454 23503 295
23462 23485 291
23488 23532 30
23504 23553 233
23522 23561 68
23524 23560 178
23526 23530 240
23541 23570 250
23568 23581 263
23581 23627 130
23587 23608 175
23615 23659 144
23616 23625 169
23644 23656 50
23644 23659 259
23651 23675 34
23668 23707 107
23685 23720 116
23689 23722 261
23706 23724 90
23719 23745 273
23737 23739 51
23751 23784 148
23775 23809 238
23802 23821 59
23809 23842 102
23827 23858 235
23848 23862 32
23877 23922 236
23903 23926 126
23919 23949 14
23949 23965 80
23971 23990 260
23991 24032 139
24005 24050 151
24015 24027 121
24023 24033 274
24050 24064 271
24073 24107 197
24080 24105 22
24095 24137 222
24097 24114 253
24116 24159 282
24128 24152 200
24146 24180 7
24173 24206 71
24199 24244 261
24229 24239 188
24235 24269 74
24249 24255 195
24259 24286 163
24277 24293 200
24285 24319 238
24290 24301 48
24319 24350 25
24335 24356 72
24341 24357 65
24364 24407 9
24385 24387 227
24392 24434 23
24415 24416 137
24439 24448 266
24463 24485 213
24474 24476 38
24480 24501 24
24482 24489 195
24512 24553 95
24530 24541 170
24555 24561 133
24565 24591 197
24565 24590 157
24565 24570 86
24589 24625 213
24593 24606 155
24609 24631 214
24620 24638 189
24620 24669 289
24629 24652 188
24645 24653 95
24653 24659 120
24679 24680 3
24694 24725 283
24718 24741 28
24718 24744 213
24737 24762 35
24742 24781 259
24753 24767 8
24779 24782 73
24806 24814 273
24808 24838 181
24827 24854 28
24845 24893 82
24875 24910 192
24905 24946 275
24915 24921 240
24933 24979 285
24940 24975 85
24950 24972 279
24950 24992 180
24962 25008 254
24971 24983 223
24987 25019 158
24987 25016 178
25004 25027 299
25022 25069 3
25031 25075 73
25049 25056 82
25062 25111 174
25068 25080 239
25098 25133 106
25124 25155 75
25127 25138 131
25142 25162 176
25164 25178 185
25175 25178 94
25203 25206 36
25227 25251 61
25250 25260 230
25263 25279 37
25286 25330 74
25303 25317 190
25319 25361 97
25326 25373 279
25330 25377 217
25342 25391 252
25346 25390 172
25355 25387 94
25382 25424 235
25400 25441 101
25420 25428 220
25426 25433 78
25454 25501 9
25480 25520 6
25488 25493 76
25488 25512 294
25493 25535 38
25521 25553 288
25536 25556 147
25547 25587 21
25564 25585 71
25577 25601 13
25580 25616 97
25581 25629 80
25600 25622 180
25617 25660 280
25641 25676 58
25665 25712 262
25665 25697 131
25692 25711 158
25706 25715 172
25731 25755 64
25733 25738 256
25756 25791 279
25772 25810 226
25781 25782 176
25797 25847 90
25823 25867 11
25850 25875 106
25857 25906 88
25862 25885 143
25870 25896 61
25882 25902 272
25898 25903 171
25919 25923 223
25928 25972 189
25931 25933 120
25959 25977 250
25984 26004 226
26011 26042 291
26016 26037 179
26037 26049 217
26059 26088 117
26074 26114 19
26099 26126 2
26126 26146 101
26141 26165 20
26169 26175 249
26193 26221 219
26200 26224 295
26201 26212 115
26227 26265 5
26234 26279 25
26234 26266 99
26262 26304 269
26283 26320 254
26301 26331 3
26310 26329 129
26317 26349 226
26340 26356 125
26360 26383 246
26370 26381 156
26392 26407 100
26401 26430 70
26431 26470 210
26439 26470 182
26458 26470 273
26487 26503 119
26504 26535 162
26523 26562 84
26548 26552 83
26560 26579 218
26563 26604 194
26570 26593 246
26586 26602 172
26599 26644 222
26620 26639 116
26644 26688 274
26655 26673 112
26663 26697 158
26693 26709 60
26717 26737 90
26737 26774 243
26746 26787 39
26773 26778 62
26775 26808 172
26790 26840 11
26818 26851 108
26833 26852 126
26851 26901 105
26863 26908 17
26884 26933 247
26902 26917 240
26916 26924 2
26916 26940 166
26933 26964 283
26938 26967 62
26958 26983 131
26988 26999 133
26994 27041 186
27018 27039 140
27034 27075 203
27055 27063 109
27065 27101 185
27074 27081 175
27076 27103 139
27080 27085 275
27098 27137 168
27104 27114 211
27112 27153 65
27138 27158 224
27154 27185 187
27169 27214 14
27194 27222 297
27197 27215 241
27215 27223 83
27242 27286 211
27252 27283 264
27274 27317 224
27286 27331 163
27312 27330 123
27321 27331 179
27323 27336 90
27336 27371 178
27360 27397 171
27366 27412 64
27375 27412 150
27405 27446 220
27414 27439 2
27436 27446 84
27438 27444 180
27447 27454 121
27464 27498 171
27470 27512 292
27488 27499 178
27492 27516 13
27508 27541 21
27537 27585 244
27565 27588 22
27593 27604 148
27616 27623 48
27646 27653 118
27647 27694 57
27649 27665 78
27658 27697 259
27660 27661 77
27678 27711 60
27700 27746 148
27708 27709 55
27733 27755 83
27754 27791 163
27773 27807 215
27775 27811 33
27794 27809 161
27802 27807 136
27831 27841 60
27860 27900 171
27889 27924 204
27889 27937 230
27894 27917 265
27912 27952 261
27916 27927 149
27930 27979 19
27930 27932 103
27933 27946 50
27958 27986 234
27980 27988 78
27989 28030 17
28001 28029 138
28018 28038 222
28024 28068 11
28042 28069 71
28058 28094 14
28077 28078 146
28077 28094 130
28106 28111 126
28108 28129 12
28130 28171 53
28131 28160 212
28161 28192 296
28167 28212 71
28197 28202 292
28201 28229 158
28207 28232 109
28234 28260 167
28246 28248 52
28253 28284 299
28261 28300 275
28274 28277 180
28298 28333 36
28306 28317 87
28312 28346 102
28325 28371 226
28327 28333 269
28340 28369 175
28349 28379 221
28356 28375 89
28359 28406 297
28384 28398 101
28395 28400 220
28403 28407 283
28406 28442 87
28422 28449 267
28428 28434 235
28437 28439 129
28461 28496 150
28490 28493 98
28493 28522 154
28510 28511 70
28535 28564 8
28537 28586 63
28550 28562 50
28561 28586 63
28570 28594 110
28592 28635 217
28605 28612 25
28618 28660 206
28633 28660 278
28644 28656 276
28657 28707 9
28661 28676 227
28689 28702 183
28702 28740 66
28710 28751 87
28735 28755 37
28765 28800 117
28795 28822 86
28800 28848 231
28804 28819 253
28805 28810 72
28817 28864 14
28838 28861 187
28850 28883 230
28856 28884 285
28856 28884 299
28879 28883 14
28901 28905 186
28926 28957 204
28955 28958 19
28975 29005 256
28989 29012 36
29013 29030 47
29022 29055 136
29037 29086 212
29054 29086 12
29076 29114 246
29096 29111 127
29115 29130 217
29137 29140 24
29149 29164 36
29149 29188 92
29175 29215 84
29188 29232 242
29203 29239 170
29231 29241 224
29242 29281 221
29267 29270 218
29283 29332 277
29301 29302 63
29302 29345 180
29318 29329 33
29338 29361 115
29348 29379 70
29364 29387 200
29382 29384 23
29412 29462 124
29435 29442 246
29454 29480 116
29480 29515 169
29484 29493 230
29484 29509 126
29511 29539 124
29517 29533 26
29538 29539 173
29564 29597 253
29589 29604 150
29596 29606 85
29597 29647 159
29618 29648 248
29619 29667 283
29624 29635 118
29653 29695 91
29680 29729 123
29697 29745 123
29721 29742 227
29737 29770 55
29750 29763 8
29768 29786 200
29793 29812 252
29814 29826 207
29814 29862 275
29831 29877 86
29861 29879 36
29882 29926 151
29893 29898 193
29902 29923 257
29921 29925 147
29938 29983 27
29944 29975 122
29973 29980 29
29994 30018 256
30012 30032 258
30034 30036 278
30037 30065 234
30057 30102 176
30076 30098 132
30088 30093 268
30114 30117 83
30131 30177 251
30136 30140 211
30153 30173 110
30160 30206 299
30173 30217 296
30190 30198 103
30216 30226 225
30238 30260 249
30265 30288 14
30277 30326 4
30281 30310 128
30287 30312 36
30314 30352 164
30316 30334 44
30344 30367 114
30346 30379 86
30346 30373 202
30374 30396 46
30390 30426 155
30414 30464 193
30417 30464 247
30431 30463 125
30432 30448 159
30457 30506 77
30473 30488 137
30479 30505 268
30484 30491 91
30510 30549 214
30515 30543 102
30540 30557 282
30559 30602 276
30580 30582 9
30593 30631 152
30618 30625 150
30648 30649 188
30671 30694 32
30692 30703 73
30705 30728 256
30728 30734 182
30733 30772 9
30756 30763 121
30762 30807 132
30783 30799 173
30795 30838 190
30818 30850 83
30822 30864 128
30829 30863 297
30851 30900 71
30873 30888 8
30903 30945 12
30930 30952 63
30931 30963 238
30960 31006 266
30962 31001 125
30970 30983 228
30973 31005 61
30995 30999 79
31022 31071 222
31048 31091 185
31070 31108 129
31079 31118 259
31109 31131 199
31135 31175 136
31143 31144 239
31168 31196 97
31198 31230 2
31225 31228 296
31225 31228 167
31242 31288 245
31256 31267 28
31272 31312 203
31292 31335 211
31312 31352 273
31312 31338 230
31323 31350 1
31344 31352 185
31345 31369 10
31373 31412 56
31395 31415 238
31419 31448 9
31445 31453 211
31470 31483 139
31478 31526 7
31494 31504 213
31505 31543 264
31518 31553 130
31526 31571 113
31529 31548 206
31532 31554 277
31542 31560 234
31551 31561 240
31551 31567 22
31570 31611 117
31595 31630 208
31606 31644 182
31610 31638 298
31628 31650 151
31648 31676 154
31673 31704 207
31697 31717 24
31721 31769 287
31750 31751 220
31767 31809 29
31787 31836 214
31803 31807 121
31815 31851 251
31835 31869 225
31854 31862 52
31866 31867 90
31892 31894 169
31896 31921 169
31909 31918 48
31937 31943 168
31943 31991 74
31958 31989 32
31985 31995 214
31989 32004 175
31992 32036 47
32005 32043 207
32006 32029 232
32021 32047 62
32025 32045 86
32052 32059 177
32054 32078 6
32080 32101 195
32102 32145 196
32107 32140 218
32114 32157 159
32136 32151 174
32161 32200 160
32180 32194 195
32183 32199 293
32213 32230 247
32237 32245 170
32251 32284 96
32275 32316 194
32283 32284 223
32303 32327 91
32315 32334 234
32319 32344 281
32340 32353 40
32370 32411 299
32391 32439 138
32411 32414 215
32428 32453 9
32440 32473 257
32465 32470 255
32474 32492 21
32484 32499 295
32511 32539 251
32535 32565 85
32552 32597 174
32561 32576 221
32574 32582 81
32601 32602 176
32608 32651 173
32619 32646 160
32638 32650 283
32654 32681 162
32666 32679 113
32691 32699 9
32693 32701 99
32718 32740 66
32726 32734 124
32751 32759 291
32760 32772 254
32789 32794 79
32805 32827 193
32816 32827 37
32832 32882 236
32835 32866 39
32841 32864 195
32861 32900 167
32884 32934 45
32911 32960 133
32915 32934 90
32929 32977 55
32946 32985 195
32967 32975 85
32996 33021 13
33022 33064 143
33037 33057 152
33056 33063 271
33068 33091 35
33098 33127 224
33110 33139 279
33132 33160 111
33160 33204 50
33166 33206 65
33180 33207 130
33180 33205 37
33198 33224 213
33207 33257 67
33219 33251 174
33221 33271 156
33248 33257 3
33252 33264 58
33282 33315 78
33301 33347 56
33328 33348 61
33329 33350 87
33329 33357 218
33359 33399 260
33380 33428 210
33399 33420 99
33404 33426 86
33419 33435 134
33445 33476 294
33473 33477 256
33482 33486 125
33507 33546 3
33508 33551 192
33535 33582 84
33544 33571 298
33555 33587 293
33583 33630 232
33597 33638 253
33620 33649 19
33627 33642 176
33636 33664 41
33642 33647 285
33646 33664 205
33661 33682 208
33670 33686 64
33698 33719 27
33703 33704 221
33717 33722 190
33721 33751 152
33732 33744 14
33755 33789 264
33761 33766 278
33790 33820 74
33795 33814 220
33817 33850 30
33844 33866 133
33845 33892 50
33846 33873 125
33846 33855 271
33861 33903 3
33864 33870 132
33869 33882 155
33881 33893 291
33901 33926 18
33919 33927 222
33948 33974 201
33961 33993 138
33969 33999 140
33979 34006 226
33983 34008 169
33999 34015 129
34016 34046 122
34032 34079 59
34042 34063 90
34070 34087 27
34097 34120 220
34097 34109 80
34098 34138 200
34112 34137 78
34134 34183 137
34138 34148 30
34157 34158 54
34180 34230 212
34190 34194 202
34204 34231 28
34208 34249 133
34214 34253 46
34217 34266 58
34218 34236 13
34239 34240 105
34240 34255 59
34259 34261 37
34260 34277 93
34263 34267 123
34284 34314 236
34294 34342 83
34312 34316 264
34327 34374 162
34327 34349 214
34340 34348 261
34366 34394 264
34383 34420 65
34393 34423 70
34421 34448 122
34430 34477 99
34443 34457 275
34473 34522 183
34486 34515 44
34486 34535 118
34497 34502 202
34526 34551 256
34554 34586 135
34555 34573 55
34566 34616 284
34577 34602 177
34600 34604 203
34620 34654 43
34637 34664 71
34637 34646 229
34644 34646 81
34669 34683 228
34689 34704 269
34705 34709 62
34709 34710 296
34734 34754 54
34745 34770 196
34772 34806 85
34798 34803 38
34819 34864 287
34821 34851 88
34832 34861 21
34832 34866 125
34843 34847 285
34854 34869 283
34867 34899 188
34882 34891 251
34889 34921 47
34908 34931 274
34938 34940 122
34949 34971 44
34951 35000 268
34975 34991 48
34999 35042 14
35008 35050 179
35034 35048 181
35035 35058 97
35039 35079 111
35054 35085 48
35062 35096 32
35088 35130 285
35112 35119 9
35132 35151 130
35147 35155 22
35167 35214 56
35179 35190 16
35202 35252 201
35213 35256 210
35227 35249 288
35243 35274 70
35246 35284 85
35265 35311 84
35275 35286 148
35291 35296 284
35292 35312 75
35304 35309 121
35329 35374 173
35331 35371 220
35350 35384 220
35361 35384 61
35386 35398 144
35387 35412 38
35398 35412 56
35419 35460 280
35440 35456 148
35470 35500 297
35498 35533 3
35505 35532 228
35523 35530 155
35530 35548 70
35550 35570 287
35571 35604 255
35576 35599 275
35583 35587 3
35611 35643 104
35635 35677 94
35639 35681 153
35640 35665 291
35641 35671 136
35653 35697 215
35678 35688 242
35699 35704 147
35706 35756 39
35720 35763 144
35720 35764 14
35748 35770 188
35760 35780 123
35775 35784 60
35785 35813 214
35808 35858 93
35823 35867 84
35827 35848 261
35851 35870 123
35859 35863 199
35865 35905 291
35882 35923 118
35894 35908 238
35919 35936 220
35921 35926 95
35944 35953 63
35960 35975 112
35964 36002 271
35980 35994 258
35987 36011 16
35996 36020 182
36009 36012 286
36009 36012 238
36034 36069 292
36064 36097 47
36090 36096 208
36116 36132 45
36144 36169 14
36149 36173 229
36161 36210 281
36187 36197 64
36209 36230 58
36219 36241 259
36239 36263 288
36259 36308 162
36278 36288 3
36281 36317 86
36310 36324 269
36329 36350 206
36354 36382 122
36365 36393 289
36367 36397 283
36397 36427 210
36408 36439 244
36422 36440 181
36426 36453 91
36444 36487 112
36457 36482 62
36485 36533 97
36509 36519 102
36511 36525 245
36537 36550 21
36565 36608 116
36592 36598 259
36614 36663 198
36636 36672 144
36645 36681 48
36649 36697 124
36653 36701 205
36668 36693 145
36678 36728 238
36706 36725 98
36726 36736 241
36738 36740 176
36759 36783 132
36777 36801 115
36785 36804 82
36790 36836 214
36799 36818 299
36805 36839 280
36833 36846 252
36835 36848 206
36853 36896 273
36867 36872 74
36891 36936 89
36916 36945 71
36944 36990 204
36967 36998 152
36976 36993 87
37001 37035 142
37007 37013 90
37007 37045 262
37032 37058 16
37056 37075 6
37081 37090 87
37095 37130 245
37098 37136 174
37106 37152 120
37131 37173 153
37154 37197 168
37169 37207 190
37196 37231 253
37207 37209 76
37208 37231 263
37233 37245 129
37255 37298 45
37270 37273 265
37273 37307 15
37280 37293 153
37307 37354 241
37322 37362 227
37346 37392 264
37356 37369 92
37375 37423 66
37379 37383 80
37393 37403 154
37396 37420 87
37397 37405 234
37411 37460 100
37426 37473 188
37440 37474 87
37466 37508 170
37487 37505 273
37505 37511 3
37521 37570 279
37547 37566 137
37564 37591 9
37566 37585 68
37591 37604 144
37608 37623 41
37622 37671 25
37635 37672 238
37637 37672 261
37649 37676 204
37675 37722 71
37702 37734 276
37723 37756 99
37742 37765 124
37767 37788 56
37793 37833 58
37798 37841 235
37828 37858 64
37851 37874 256
37867 37877 122
37870 37882 102
37898 37901 193
37909 37951 38
37922 37966 115
37943 37986 97
37948 37970 256
37961 37997 148
37984 38028 99
38009 38048 276
38038 38064 168
38050 38074 168
38050 38068 163
38067 38077 274
38082 38126 207
38086 38112 285
38101 38143 181
38109 38123 202
38111 38112 33
38131 38144 64
38141 38152 28
38159 38186 107
38177 38220 122
38205 38212 298
38219 38267 97
38241 38277 100
38258 38274 107
38269 38276 85
38283 38287 254
38285 38322 171
38310 38336 2
38340 38349 290
38362 38385 58
38383 38389 71
38412 38452 135
38439 38482 44
38457 38501 134
38486 38502 124
38486 38506 97
38486 38525 165
38513 38514 207
38527 38560 24
38536 38543 277
38541 38554 72
38541 38586 14
38555 38584 128
38576 38592 180
38596 38599 10
38598 38633 81
38627 38637 281
38628 38646 114
38635 38666 252
38647 38679 83
38647 38660 21
38656 38695 198
38665 38685 253
38679 38681 214
38690 38731 212
38709 38726 14
38739 38741 25
38744 38771 234
38752 38768 34
38773 38805 122
38802 38813 216
38824 38841 236
38831 38874 72
38856 38900 151
38872 38876 290
38872 38908 186
38899 38917 280
38917 38923 293
38923 38963 141
38935 38949 296
38951 38969 255
38954 39004 210
38969 38995 39
38974 38980 266
38982 38984 41
39001 39049 68
39028 39044 147
39030 39035 220
39053 39065 131
39054 39074 83
39084 39102 3
39111 39150 38
39127 39129 113
39141 39182 242
39159 39206 31
39178 39205 201
39196 39198 73
39201 39235 37
39224 39250 243
39224 39249 56
39242 39281 125
39246 39281 260
39246 39270 195
39260 39294 44
39281 39310 68
39284 39333 174
39303 39336 147
39331 39353 13
39352 39398 64
39369 39383 107
39382 39394 43
39391 39400 119
39395 39412 294
39419 39442 176
39443 39487 157
39451 39478 299
39471 39514 126
39487 39499 19
39515 39517 283
39516 39545 191
39535 39545 139
39540 39570 201
39550 39557 38
39574 39604 130
39591 39621 258
39603 39626 123
39608 39647 74
39629 39670 14
39635 39664 202
39665 39696 111
39672 39681 114
39700 39721 69
39713 39732 287
39713 39743 276
39741 39755 55
39748 39792 187
39758 39783 51
39787 39816 296
39795 39813 145
39806 39837 127
39833 39852 171
39856 39903 273
39870 39872 81
39876 39909 206
39887 39906 291
39906 39949 130
39930 39950 9
39960 39988 232
39986 39995 165
39999 40037 218
40017 40036 73
40035 40076 23
40053 40058 287
40064 40107 97
40082 40105 120
40090 40109 294
40114 40150 227
40126 40128 240
40128 40152 230
40157 40169 182
40170 40202 46
40187 40220 179
40201 40227 8
40219 40244 265
40247 40290 12
40276 40303 98
40278 40285 274
40279 40304 122
40300 40336 79
40308 40356 65
40314 40349 138
40343 40352 85
40359 40400 66
40383 40415 134
40395 40405 186
40408 40421 34
40437 40458 159
40451 40492 100
40481 40509 288
40510 40539 251
40521 40526 92
40522 40532 128
40531 40569 165
40556 40597 108
40557 40577 2
40559 40576 55
40588 40632 109
40611 40646 120
40623 40646 3
40651 40687 270
40667 40709 129
40690 40723 135
40693 40731 25
40723 40748 231
40732 40773 238
40738 40777 299
40753 40765 65
40775 40812 41
40796 40844 149
40826 40867 120
40829 40836 290
40844 40851 264
40846 40864 289
40876 40881 129
40881 40885 83
40906 40916 177
40927 40958 208
40931 40966 255
40947 40965 50
40961 40964 8
40980 41000 219
41002 41014 148
41025 41045 75
41047 41078 209
41056 41093 219
41081 41092 245
41082 41108 181
41105 41130 107
41120 41147 48
41146 41188 132
41151 41181 77
41154 41191 17
41182 41215 231
41189 41227 244
41193 41196 31
41213 41259 210
41243 41280 163
41248 41282 69
41260 41282 50
41276 41317 80
41306 41352 152
41312 41338 221
41330 41364 294
41353 41377 50
41377 41398 91
41388 41391 42
41412 41434 140
41418 41420 10
41440 41459 265
41467 41487 156
41492 41520 268
41516 41530 37
41539 41564 54
41547 41580 20
41565 41604 259
41579 41625 126
41597 41624 169
41623 41653 35
41633 41665 33
41642 41662 223
41668 41691 52
41677 41716 147
41687 41728 141
41701 41710 125
41702 41752 211
41716 41765 33
41734 41762 184
41736 41744 177
41751 41788 72
41762 41802 260
41771 41819 179
41773 41799 91
41785 41803 71
41801 41822 267
41828 41860 141
41858 41889 250
41883 41900 46
41896 41929 179
41905 41938 91
41912 41946 86
41936 41968 191
41939 41958 159
41946 41981 191
41961 41987 253
41972 42004 176
41980 42014 192
41985 41988 261
41989 42007 120
41999 42038 48
42024 42025 238
42038 42077 54
42055 42078 197
42083 42087 217
42109 42129 80
42114 42127 16
42128 42171 30
42149 42154 66
42163 42172 300
42179 42218 261
42196 42233 178
42221 42259 100
42227 42246 224
42239 42256 32
42261 42291 276
42280 42303 208
42295 42298 210
42304 42320 16
42319 42351 88
42330 42375 15
42344 42353 237
42350 42368 14
42368 42402 102
42395 42404 47
42395 42416 98
42406 42430 250
42431 42463 113
42456 42490 99
42481 42499 122
42483 42533 262
42489 42502 160
42514 42549 19
42526 42575 85
42529 42550 66
42539 42556 120
42555 42570 148
42569 42574 83
42585 42620 264
42602 42630 17
42632 42646 284
42648 42672 228
42666 42703 38
42691 42698 219
42714 42715 242
42714 42761 194
42730 42773 122
42742 42763 202
42755 42777 116
42765 42802 1
42779 42796 250
42784 42787 227
42787 42794 59
42808 42848 14
42822 42860 239
42825 42837 141
42836 42839 229
42852 42887 229
42855 42895 155
42878 42903 185
42892 42901 113
42902 42916 211
42915 42920 70
42934 42980 164
42947 42996 294
42956 42992 203
42979 42996 209
42999 43011 87
43007 43055 203
43031 43078 220
43055 43105 123
43075 43123 17
43090 43094 278
43103 43113 93
43115 43123 256
43125 43154 151
43129 43143 254
43139 43169 4
43155 43171 113
43172 43209 85
43193 43212 263
43216 43262 189
43218 43241 292
43229 43232 265
43259 43308 169
43280 43286 238
43294 43317 276
43297 43315 32
43315 43327 144
43340 43377 234
43350 43362 215
43380 43391 92
43386 43434 91
43390 43413 170
43402 43421 67
43403 43434 101
43410 43421 98
43422 43441 170
43449 43470 239
43474 43482 232
43493 43518 148
43514 43563 229
43518 43526 4
43526 43564 180
43553 43567 175
43582 43628 238
43587 43624 207
43614 43657 166
43644 43684 246
43674 43708 38
43686 43728 42
43688 43704 277
43702 43721 299
43724 43727 182
43753 43784 237
43768 43804 282
43787 43788 298
43811 43847 208
43819 43837 192
43829 43848 133
43829 43837 183
43843 43853 7
43859 43881 46
43869 43899 286
43890 43940 93
43917 43967 151
43938 43957 230
43964 44003 205
43976 43985 161
44000 44024 11
44022 44052 166
44034 44061 50
44036 44077 72
44049 44075 209
44062 44098 52
44092 44110 147
44105 44110 98
44111 44159 43
44118 44148 58
44148 44185 55
44171 44190 185
44172 44213 74
44173 44208 214
44199 44230 34
44223 44254 164
44248 44270 235
44255 44303 123
44262 44280 234
44282 44297 296
44303 44341 104
44333 44347 294
44360 44373 296
44375 44411 160
44396 44399 205
44417 44418 110
44446 44484 132
44449 44490 47
44479 44488 292
44507 44514 144
44525 44531 283
44530 44563 190
44545 44590 20
44547 44575 241
44556 44566 99
44566 44570 284
44589 44606 288
44602 44621 191
44607 44646 284
44607 44628 256
44621 44625 284
44628 44642 217
44646 44677 64
44658 44661 298
44680 44705 121
44700 44744 160
44718 44725 16
44742 44790 63
44756 44774 249
44757 44800 51
44768 44769 257
44784 44829 32
44803 44840 125
44826 44860 203
44839 44840 159
44863 44900 115
44868 44912 20
44881 44907 31
44893 44939 235
44903 44934 58
44914 44928 227
44916 44948 140
44943 44960 50
44952 44958 196
44972 45002 201
44974 44991 189
44974 44999 249
44993 45039 11
45007 45014 46
45027 45036 245
45028 45078 123
45032 45043 97
45052 45077 250
45058 45100 291
45085 45093 229
45091 45124 67
45096 45121 206
45125 45162 77
45136 45171 70
45162 45167 236
45191 45218 47
45211 45233 143
45221 45266 128
45228 45233 291
45239 45288 213
45268 45314 26
45271 45296 261
45275 45295 161
45290 45310 283
45308 45319 66
45328 45329 135
45338 45348 39
45361 45363 102
45391 45395 276
45404 45408 276
45428 45438 14
45428 45439 149
45433 45449 297
45437 45442 99
45467 45503 28
45482 45495 219
45504 45547 238
45511 45518 248
45523 45549 271
45545 45552 160
45575 45619 250
45589 45624 202
45613 45652 21
45640 45650 186
45658 45690 97
45661 45681 192
45677 45716 30
45706 45719 116
45720 45734 132
45721 45732 186
45748 45795 92
45772 45817 82
45772 45787 159
45772 45811 192
45799 45817 19
45824 45844 225
45830 45838 201
45859 45905 117
45880 45892 224
45906 45926 122
45925 45970 287
45950 45968 93
45959 45981 8
45989 45993 21
46003 46011 146
46007 46013 270
46029 46057 75
46054 46088 211
46084 46106 225
46109 46119 201
46114 46155 140
46128 46131 188
46158 46203 168
46175 46195 136
46194 46242 2
46222 46226 69
46228 46269 285
46246 46290 164
46274 46291 49
46281 46302 106
46290 46323 200
46303 46338 76
46319 46346 196
46322 46346 226
46345 46372 240
46373 46385 191
46376 46402 39
46387 46411 267
46406 46422 175
46421 46442 234
46445 46447 262
46463 46499 205
46482 46491 150
46492 46533 3
46512 46544 44
46526 46541 164
46549 46568 123
46555 46574 59
46567 46609 200
46591 46605 175
46595 46638 185
46609 46658 17
46637 46656 166
46643 46669 272
46649 46681 9
46651 46694 149
46653 46683 170
46682 46689 62
46702 46712 106
46704 46711 123
46704 46714 272
46706 46717 249
46729 46743 183
46743 46766 180
46748 46750 29
46757 46781 15
46776 46824 82
46803 46852 108
46815 46848 181
46842 46844 126
46844 46887 26
46854 46876 140
46870 46898 113
46878 46891 25
46879 46887 185
46894 46918 229
46908 46949 222
46908 46953 72
46915 46957 168
46943 46973 105
46968 47005 223
46970 46973 286
46980 47010 134
46982 47013 130
46982 47032 192
46988 47019 92
47004 47005 269
47007 47013 64
47034 47081 186
47057 47066 85
47069 47074 156
47082 47089 127
47087 47088 6
47103 47144 134
47131 47158 82
47144 47148 142
47157 47207 77
47157 47193 88
47177 47219 146
47194 47227 54
47220 47252 192
47240 47255 227
47263 47284 198
47265 47290 92
47269 47305 216
47275 47290 175
47275 47304 219
47305 47320 299
47309 47334 268
47332 47382 286
47353 47396 78
47353 47372 104
47376 47378 269
47404 47421 157
47431 47465 291
47453 47484 173
47474 47503 224
47474 47491 254
47499 47544 48
47514 47563 239
47542 47588 257
47554 47568 273
47563 47585 196
47575 47614 139
47593 47614 14
47619 47636 92
47625 47640 4
47640 47688 248
47650 47653 188
47679 47680 98
47702 47715 117
47715 47761 92
47728 47761 300
47742 47777 249
47758 47771 82
47773 47788 2
47777 47811 59
47796 47835 147
47818 47829 236
47828 47875 53
47830 47868 66
47835 47877 38
47854 47884 296
47877 47921 13
47890 47916 188
47903 47940 298
47924 47929 284
47939 47944 105
47955 47962 252
47973 48023 196
47978 48016 11
48002 48033 16
48027 48055 102
48057 48100 287
48066 48082 255
48096 48112 190
48114 48150 83
48125 48136 104
48131 48139 192
48151 48188 143
48176 48200 90
48189 48215 93
48193 48235 90
48215 48217 127
48221 48245 229
48233 48264 198
48250 48274 140
48278 48325 227
48290 48300 154
48307 48327 230
48320 48341 227
48343 48377 215
48357 48388 53
48359 48362 89
48361 48395 274
48383 48407 243
48391 48421 201
48411 48424 136
48414 48447 261
48437 48470 176
48462 48503 140
48468 48516 18
48488 48527 64
48493 48514 291
48494 48539 279
48505 48539 98
48521 48571 241
48545 48573 131
48572 48574 200
48585 48596 293
48611 48638 230
48611 48618 192
48640 48688 228
48660 48679 14
48685 48724 58
48712 48733 146
48723 48749 47
48737 48776 91
48755 48766 43
48781 48817 26
48800 48814 123
48811 48858 186
48820 48842 82
48838 48868 50
48853 48877 205
48860 48873 144
48881 48916 83
48902 48922 281
48925 48971 109
48927 48928 192
48945 48965 157
48949 48989 287
48957 48994 159
48971 49010 155
48995 49029 188
49020 49046 209
49021 49047 210
49041 49058 79
49043 49046 125
49064 49114 170
49093 49141 73
49114 49149 153
49136 49156 15
49137 49168 33
49151 49156 156
49153 49170 172
49167 49168 211
49169 49188 20
49175 49189 292
49197 49201 26
49225 49230 4
49241 49270 131
49254 49272 257
49271 49275 39
49271 49305 20
49301 49338 111
49315 49345 211
49321 49370 46
49349 49358 45
49354 49396 290
49356 49406 157
49366 49380 186
49372 49416 106
49390 49431 79
49420 49445 100
49440 49446 142
49453 49477 127
49458 49486 194
49479 49525 130
49497 49533 285
49501 49545 209
49501 49549 72
49504 49528 122
49531 49541 32
49557 49573 8
49566 49577 137
49590 49633 223
49620 49621 126
49646 49682 198
49676 49677 292
49705 49730 283
49732 49736 201
49762 49804 264
49778 49827 10
49807 49822 6
49825 49835 79
49832 49847 211
49858 49894 235
49876 49912 174
49902 49944 87
49919 49923 222
49948 49993 192
49977 50026 130
49999 50030 217
50018 50029 263
50019 50060 119
50024 50066 261
50053 50084 127
50081 50093 132
50081 50092 3
50096 50128 152
50117 50162 180
50129 50160 250
50132 50141 285
50135 50147 269
50158 50201 57
50180 50202 284
50183 50232 179
50213 50234 4
50213 50251 207
50224 50257 65
50225 50255 172
50227 50242 83
50237 50239 19
50253 50263 88
50262 50283 283
50274 50296 298
50303 50345 191
50321 50368 202
50323 50362 24
50341 50372 183
50358 50380 112
50387 50409 292
50403 50438 8
50427 50473 242
50455 50485 219
50485 50521 213
50487 50523 289
50488 50502 43
50509 50546 26
50532 50566 84
50539 50571 216
50547 50593 135
50552 50574 294
50581 50599 63
50598 50623 233
50602 50624 115
50610 50655 209
50620 50645 4
50636 50641 47
50641 50643 252
50664 50679 38
50682 50690 21
50707 50737 101
50719 50747 290
50727 50750 220
50729 50766 82
50740 50757 32
50753 50754 160
50773 50789 179
50793 50807 201
50796 50824 246
50819 50832 274
50845 50850 18
50866 50881 213
50879 50911 297
50904 50941 220
50914 50924 23
50936 50941 275
50959 50964 300
50959 50983 91
50980 51016 248
50990 51022 97
51000 51035 71
51008 51022 249
51012 51029 154
51031 51050 189
51043 51049 210
51043 51077 136
51070 51073 102
51080 51121 156
51109 51142 235
51122 51137 222
51124 51135 171
51138 51168 162
51149 51153 237
51176 51190 211
51187 51233 266
51207 51231 260
51211 51215 123
51223 51248 36
51245 51258 129
51253 51269 296
51271 51303 12
51299 51346 289
51307 51348 96
51327 51338 63
51330 51371 125
51358 51386 35
51380 51391 55
51405 51428 80
51415 51444 298
51428 51440 293
51431 51478 130
51435 51465 97
51443 51460 206
51447 51452 137
51450 51462 33
51453 51476 42
51458 51463 15
51467 51499 26
51494 51505 42
51501 51517 18
51527 51561 295
51545 51595 199
51546 51587 4
51548 51555 195
51556 51589 111
51579 51620 299
51579 51599 91
51593 51628 82
51597 51639 36
51604 51617 90
51624 51673 243
51631 51644 199
51634 51656 134
51642 51670 88
51671 51682 5
51675 51702 135
51691 51726 249
51712 51727 127
51717 51737 125
51745 51761 67
51765 51811 165
51789 51806 51
51819 51851 40
51848 51861 197
51852 51894 59
51855 51899 241
51874 51918 198
51877 51922 235
51878 51895 162
51908 51911 39
51921 51971 124
51926 51964 183
51933 51936 135
51957 51978 56
51980 52027 281
51999 52041 237
52029 52040 175
52049 52087 149
52079 52129 142
52091 52116 45
52100 52118 122
52120 52128 64
52126 52173 17
52133 52180 150
52135 52141 32
52153 52196 96
52181 52183 16
52192 52238 285
52215 52251 121
52241 52291 186
52264 52309 217
52279 52327 126
52281 52285 240
52291 52334 45
52319 52343 276
52327 52347 201
52351 52383 282
52377 52388 286
52389 52412 48
52401 52403 11
52410 52420 126
52411 52449 219
52433 52474 249
52441 52490 94
52448 52468 116
52451 52501 265
52473 52484 102
52496 52497 159
52498 52511 246
52522 52569 95
52530 52555 28
52548 52559 171
52569 52609 180
52571 52604 69
52587 52606 40
52598 52604 230
52601 52636 16
52618 52657 108
52638 52657 271
52648 52671 247
52664 52712 295
52667 52676 113
52683 52688 280
52708 52748 243
52720 52752 62
52743 52771 46
52754 52777 45
52757 52791 57
52787 52821 24
52792 52841 69
52817 52840 254
52839 52849 194
52860 52869 209
52868 52917 225
52881 52905 4
52904 52934 285
52932 52948 196
52957 52988 50
52985 52996 242
53005 53015 105
53012 53035 142
53036 53056 18
53040 53052 24
53063 53097 99
53074 53096 227
53089 53092 197
53115 53159 27
53126 53145 47
53153 53192 231
53176 53210 241
53189 53200 134
53208 53231 140
53233 53244 278
53241 53260 165
53269 53288 286
53273 53274 18
53294 53315 85
53302 53333 121
53309 53337 11
53319 53320 60
53339 53364 17
53368 53403 282
53381 53431 297
53398 53427 260
53418 53449 183
53438 53460 91
53465 53508 25
53492 53540 255
53514 53537 185
53516 53542 99
53534 53551 197
53542 53579 50
53572 53614 220
53580 53582 38
53596 53636 148
53599 53623 26
53609 53654 48
53614 53638 248
53624 53636 54
53645 53656 56
53675 53711 253
53680 53730 293
53697 53699 97
53702 53710 33
53706 53713 10
53733 53742 252
53733 53744 131
53751 53757 153
53759 53798 37
53767 53793 35
53792 53808 154
53818 53819 110
53847 53885 250
53875 53882 78
53888 53919 82
53898 53922 130
53908 53921 239
53929 53942 34
53947 53952 292
53949 53959 259
53971 53980 161
53983 54031 257
53991 54027 235
54010 54024 269
54013 54022 28
54037 54050 74
54043 54063 81
54057 54097 100
54071 54116 63
54101 54147 74
54131 54138 260
54134 54176 19
54146 54149 57
54150 54185 44
54177 54214 143
54185 54207 278
54185 54211 158
54190 54220 281
54199 54208 277
54218 54230 29
54227 54251 109
54236 54251 125
54254 54290 163
54267 54270 34
54267 54304 131
54293 54301 45
54320 54326 136
54332 54335 106
54346 54384 3
54369 54419 283
54369 54415 242
54397 54401 270
54405 54433 186
54432 54440 26
54448 54491 216
54455 54498 250
54461 54508 7
54472 54489 103
54492 54499 58
54507 54557 46
54512 54534 288
54524 54558 164
54527 54572 203
54544 54587 186
54561 54576 28
54588 54597 28
54591 54619 292
54609 54618 297
54639 54671 253
54664 54707 164
54674 54681 95
54697 54716 105
54709 54748 14
54714 54722 157
54735 54781 36
54738 54788 41
54739 54742 140
54743 54790 117
54763 54794 203
54768 54807 44
54772 54796 216
54775 54797 21
54800 54802 153
54809 54834 46
54830 54877 113
54837 54886 64
54865 54871 130
54868 54901 135
54879 54905 64
54892 54924 168
54914 54953 106
54927 54939 258
54957 55004 21
54978 54982 181
55000 55040 282
55006 55013 133
55017 55053 150
55043 55049 134
55054 55055 197
55065 55094 69
55066 55105 286
55073 55101 17
55095 55110 78
55115 55119 145
55126 55147 235
55127 55151 2
55135 55142 282
55140 55176 126
55160 55206 17
55175 55197 32
55186 55205 11
55198 55204 14
55204 55246 76
55212 55257 119
55221 55264 230
55249 55271 111
55275 55312 139
55297 55320 122
55324 55349 156
55348 55375 68
55369 55390 251
55395 55429 46
55410 55443 5
55421 55449 68
55422 55446 108
55446 55485 147
55468 55472 295
55488 55519 266
55491 55525 33
55498 55539 52
55505 55515 205
55519 55528 1
55525 55542 234
55540 55545 221
55558 55585 133
55573 55577 90
55573 55609 148
55578 55608 233
55587 55612 238
55615 55616 75
55641 55686 173
55648 55693 153
55648 55660 138
55649 55656 181
55670 55694 250
55699 55715 85
55715 55751 32
55727 55747 70
55732 55779 43
55735 55776 118
55740 55775 194
55760 55798 173
55763 55803 116
55788 55801 147
55810 55827 217
55823 55830 233
55839 55853 292
55841 55876 153
55843 55866 200
55852 55861 26
55861 55893 134
55880 55899 259
55880 55903 281
55891 55934 143
55903 55946 151
55923 55971 25
55926 55973 17
55952 55957 294
55981 56030 265
55995 56030 200
56015 56055 1
56021 56035 112
56042 56045 148
56062 56079 19
56067 56091 244
56090 56111 81
56110 56138 139
56116 56131 265
56138 56164 197
56164 56166 12
56191 56192 162
56191 56223 235
56203 56231 39
56209 56211 137
56236 56279 287
56261 56269 5
56284 56304 118
56307 56322 37
56337 56380 240
56358 56408 24
56380 56421 10
56385 56397 194
56393 56433 51
56414 56436 163
56428 56448 114
56435 56453 10
56435 56456 21
56437 56446 298
56446 56467 225
56455 56472 105
56469 56516 195
56497 56539 51
56509 56534 60
56536 56544 75
56544 56552 71
56574 56615 70
56580 56617 224
56594 56642 262
56604 56650 292
56619 56641 156
56631 56649 185
56655 56697 275
56657 56669 190
56671 56704 282
56673 56702 101
56693 56705 110
56711 56749 27
56725 56746 157
56739 56770 291
56741 56760 83
56768 56772 10
56781 56826 116
56809 56830 267
56835 56867 234
56855 56859 248
56876 56882 156
56898 56927 175
56906 56943 82
56928 56962 63
56946 56971 128
56962 56975 191
56977 56986 268
56997 57027 80
57013 57047 251
57037 57038 112
57057 57066 128
57069 57093 287
57089 57133 190
57112 57129 264
57137 57164 42
57142 57178 263
57171 57178 264
57187 57213 78
57213 57215 271
57221 57253 22
57221 57230 180
57225 57227 151
57227 57244 186
57254 57296 187
57264 57313 292
57288 57292 160
57313 57327 71
57319 57333 143
57341 57375 48
57354 57359 201
57378 57381 153
57389 57439 159
57408 57443 69
57415 57449 37
57419 57434 227
57444 57454 39
57462 57469 78
57462 57512 187
57474 57478 70
57491 57523 23
57508 57555 179
57526 57544 39
57537 57569 191
57563 57590 179
57572 57616 45
57601 57616 220
57608 57653 206
57637 57658 111
57644 57680 191
57664 57684 156
57693 57740 298
57716 57756 109
57743 57761 45
57769 57791 262
57784 57812 300
57784 57823 158
57792 57842 183
57822 57860 190
57826 57870 293
57842 57879 209
57851 57864 278
57861 57899 63
57885 57899 169
57906 57916 69
57934 57977 155
57951 57995 244
57954 57978 206
57959 58009 78
57965 57977 46
57970 58008 160
57988 58022 110
57999 58049 175
58010 58024 149
58024 58062 42
58054 58083 279
58073 58090 291
58101 58130 263
58103 58107 157
58124 58172 280
58150 58174 200
58165 58174 276
58181 58210 27
58183 58195 153
58188 58215 222
58214 58260 221
58243 58263 267
58244 58288 67
58273 58302 264
58301 58304 146
58329 58330 269
58351 58386 74
58355 58394 166
58379 58398 169
58385 58392 284
58388 58399 285
58388 58417 130
58406 58445 240
58420 58442 39
58431 58456 62
58432 58442 124
58438 58451 220
58445 58454 88
58474 58520 63
58476 58494 247
58489 58508 293
58505 58541 258
58531 58548 45
58554 58563 91
58563 58585 20
58576 58594 27
58604 58607 139
58615 58618 287
58616 58637 233
58622 58623 57
58624 58648 130
58648 58659 53
58673 58718 73
58685 58734 119
58710 58745 90
58728 58760 68
58742 58789 106
58769 58816 266
58790 58794 98
58812 58851 173
58836 58847 263
58840 58883 83
58862 58903 9
58886 58913 292
58893 58924 194
58916 58935 62
58946 58983 30
58964 58976 6
58972 58993 115
58980 59030 18
58992 58995 135
59014 59052 178
59040 59080 146
59063 59104 278
59080 59118 163
59100 59105 148
59111 59140 21
59115 59122 242
59116 59164 160
59126 59165 123
59131 59176 267
59131 59160 212
59147 59148 210
59167 59212 138
59169 59201 63
59196 59227 180
59216 59238 172
59223 59225 230
59235 59269 68
59263 59268 293
59292 59306 58
59307 59354 132
59313 59315 12
59319 59338 116
59334 59339 296
59337 59355 174
59357 59358 10
59377 59392 33
59392 59434 10
59405 59412 181
59411 59440 26
59423 59432 67
59451 59460 55
59475 59476 169
59504 59520 178
59525 59549 175
59548 59583 179
59578 59581 247
59597 59607 173
59610 59641 173
59621 59629 192
59640 59672 240
59646 59668 300
59658 59707 202
59670 59714 42
59675 59714 173
59705 59725 266
59709 59748 92
59721 59771 176
59727 59768 113
59757 59792 65
59769 59777 159
59785 59829 115
59793 59821 22
59804 59854 228
59810 59840 240
59839 59870 198
59853 59893 235
59874 59885 217
59904 59940 221
59914 59926 240
59917 59940 103
59922 59966 150
59922 59928 134
59950 59991 280
59976 60024 97
59991 60039 44
60004 60027 25
60009 60010 89
60039 60065 170
60065 60083 251
60067 60071 25
60090 60120 216
60106 60122 7
60130 60175 284
60139 60172 238
60148 60191 12
60160 60201 99
60185 60193 183
60200 60232 29
60215 60257 120
60239 60273 206
60244 60294 179
60259 60281 250
60277 60287 40
60295 60339 53
60320 60328 37
60344 60345 295
60355 60391 20
60377 60413 1
60378 60403 147
60380 60385 200
60387 60411 155
60399 60440 287
60406 60440 237
60422 60429 58
60440 60456 70
60447 60496 55
60466 60467 225
60490 60509 112
60506 60516 89
60528 60549 173
60554 60577 34
60576 60590 195
60597 60639 288
60610 60633 78
60631 60660 64
60654 60663 78
60673 60675 137
60681 60715 111
60686 60716 268
60696 60736 236
60696 60739 186
60706 60725 287
60709 60722 99
60739 60770 181
60749 60754 227
60754 60771 109
60755 60758 289
60779 60787 300
60779 60801 133
60790 60828 168
60806 60840 140
60821 60863 25
60836 60839 31
60848 60862 191
60877 60886 57
60905 60917 155
60908 60918 132
60926 60944 262
60942 60958 278
60950 60964 36
60973 61020 199
61003 61008 64
61029 61074 198
61038 61088 68
61050 61088 254
61057 61096 141
61059 61098 262
61059 61070 153
61075 61081 61
61088 61134 45
61115 61160 176
61145 61195 261
61164 61210 161
61191 61219 152
61196 61212 13
61218 61235 237
61231 61262 274
61245 61254 117
61258 61278 13
61274 61312 205
61276 61320 102
61287 61294 55
61300 61350 46
61325 61331 177
61353 61381 247
61358 61364 27
61371 61405 188
61372 61384 234
61392 61423 203
61403 61410 18
61422 61445 75
61438 61464 227
61443 61472 73
61443 61451 300
61445 61467 51
61450 61452 212
61473 61503 280
61485 61513 95
61489 61497 160
61514 61550 110
61535 61546 225
61547 61549 9
61574 61606 92
61574 61615 199
61575 61603 187
61601 61643 260
61614 61660 39
61638 61643 171
61649 61661 106
61678 61699 55
61687 61690 208
61695 61738 93
61720 61729 175
61726 61765 159
61756 61793 285
61784 61805 94
61801 61842 208
61820 61855 5
61835 61843 294
61849 61853 119
61865 61883 83
61887 61930 44
61915 61955 1
61925 61928 198
61927 61965 254
61928 61961 279
61928 61978 44
61937 61952 103
61964 61985 170
61985 62007 191
62010 62021 270
62040 62081 271
62069 62092 135
62077 62111 167
62100 62110 24
62107 62154 236
62121 62133 209
62148 62177 289
62149 62150 151
62176 62196 156
62185 62217 205
62198 62214 158
62217 62247 142
62238 62287 143
62256 62283 219
62276 62284 278
62302 62318 238
62327 62340 291
62337 62352 72
62352 62372 47
62354 62399 188
62376 62401 50
62403 62430 152
62432 62482 285
62455 62486 172
62461 62482 147
62467 62476 95
62485 62487 11
62487 62509 2
62497 62538 5
62510 62514 203
62518 62552 178
62521 62543 62
62541 62548 62
62551 62557 185
62560 62565 63
62586 62589 43
62592 62632 149
62599 62606 2
62615 62651 87
62621 62666 212
62621 62669 143
62648 62687 196
62649 62697 49
62656 62685 54
62674 62709 257
62691 62722 37
62699 62721 111
62709 62728 53
62720 62721 52
62727 62745 257
62755 62776 218
62765 62811 35
62781 62789 107
62788 62827 104
62808 62858 88
62819 62869 49
62847 62879 206
62868 62881 77
62875 62889 56
62892 62908 208
62898 62941 295
62928 62948 122
62931 62961 28
62959 62968 203
62961 62999 226
62962 62998 204
62970 63019 86
62983 63010 136
62994 63039 287
63014 63015 72
63036 63043 280
63054 63081 221
63062 63104 169
63077 63093 193
63080 63118 276
63094 63115 267
63098 63125 292
63117 63153 98
63142 63158 232
63143 63169 84
63159 63175 66
63187 63228 14
63216 63225 203
63238 63239 141
63242 63289 74
63267 63293 96
63286 63323 277
63314 63340 133
63336 63377 166
63365 63401 229
63371 63399 99
63376 63391 61
63402 63414 157
63427 63461 240
63441 63477 220
63452 63455 247
63465 63509 298
63473 63499 175
63480 63494 152
63487 63509 46
63487 63497 5
63494 63522 253
63495 63527 33
63520 63547 92
63520 63559 48
63537 63555 192
63542 63565 15
63558 63565 289
63560 63587 121
63572 63589 223
63587 63637 107
63610 63628 8
63622 63664 47
63632 63646 272
63636 63684 142
63650 63686 155
63659 63696 298
63677 63691 173
63700 63714 209
63714 63718 18
63729 63755 97
63745 63790 195
63758 63760 87
63782 63793 27
63782 63786 136
63804 63850 267
63815 63844 68
63825 63843 55
63843 63853 269
63848 63852 193
63865 63889 286
63888 63913 68
63908 63930 19
63921 63940 68
63948 63965 58
63977 64014 228
63985 63996 190
63998 64006 33
64014 64046 205
64030 64036 273
64049 64084 8
64053 64097 82
64075 64080 147
64096 64099 230
64104 64138 198
64112 64159 207
64127 64168 139
64135 64171 27
64161 64169 178
64174 64176 271
64188 64195 117
64211 64235 168
64219 64250 70
64221 64240 246
64251 64290 81
64275 64279 131
64286 64298 284
64286 64295 105
64312 64324 14
64334 64363 241
64358 64374 75
64365 64412 171
64367 64411 224
64381 64386 225
64408 64453 114
64428 64442 207
64439 64450 138
64458 64506 81
64469 64480 183
64480 64483 159
64508 64523 27
64533 64557 139
64544 64582 66
64570 64616 30
64577 64607 209
64587 64606 132
64617 64659 173
64620 64623 110
64644 64663 162
64654 64687 180
64671 64679 24
64677 64699 31
64688 64728 248
64717 64727 277
64742 64784 77
64744 64756 252
64774 64797 206
64804 64826 57
64827 64852 238
64839 64859 198
64844 64852 153
64859 64874 276
64861 64887 267
64876 64891 42
64903 64945 175
64908 64952 48
64920 64935 153
64923 64938 270
64941 64986 141
64959 64973 90
64986 65008 27
64994 65009 261
65024 65036 130
65051 65092 114
65056 65094 119
65078 65123 80
65088 65104 291
65116 65133 184
65132 65153 83
65148 65190 246
65178 65225 193
65200 65228 156
65222 65272 130
65230 65245 191
65244 65294 201
65274 65323 159
65289 65334 126
65294 65300 218
65317 65331 10
65344 65358 234
65374 65421 4
65404 65451 296
65418 65462 283
65440 65485 236
65458 65459 43
65466 65489 132
65491 65539 15
65504 65552 238
65521 65527 176
65550 65584 294
65579 65582 154
65590 65633 162
65600 65624 10
65605 65633 263
65630 65652 87
65634 65667 286
65634 65679 186
65650 65671 126
65670 65710 37
65695 65724 291
65711 65720 63
65721 65744 203
65735 65750 102
65758 65787 154
65767 65792 222
65780 65807 202
65790 65815 35
65816 65830 121
65820 65838 236
65831 65876 43
65835 65848 90
65851 65898 76
65868 65873 182
65882 65915 123
65908 65909 194
65938 65965 201
65941 65966 242
65945 65979 239
65959 65982 135
65986 65988 182
65994 66008 85
65996 66003 81
65997 66013 209
66010 66049 254
66022 66043 236
66040 66087 279
66040 66043 144
66044 66071 108
66053 66073 53
66075 66119 50
66087 66101 194
66112 66119 54
66127 66156 9
66148 66164 293
66154 66174 14
66176 66185 166
66198 66221 60
66223 66248 11
66223 66265 44
66246 66251 200
66260 66307 148
66275 66300 229
66287 66321 134
66308 66312 287
66337 66358 77
66353 66379 173
66365 66380 185
66384 66426 3
66385 66435 256
66406 66454 227
66420 66432 189
66432 66481 25
66434 66445 165
66451 66498 45
66481 66499 145
66510 66516 40
66516 66525 70
66540 66566 141
66563 66570 255
66582 66595 298
66597 66625 51
66613 66616 241
66616 66665 175
66622 66660 3
66638 66680 139
66659 66709 68
66676 66708 292
66696 66726 288
66725 66775 46
66753 66760 216
66774 66806 194
66801 66807 83
66811 66826 269
66821 66869 113
66830 66846 26
66856 66877 214
66885 66888 20
66903 66915 214
66923 66926 285
66941 66980 256
66950 66976 136
66976 66980 51
66996 67033 97
67001 67002 198
67007 67040 235
67008 67024 223
67029 67050 239
67045 67056 86
67048 67094 259
67057 67069 219
67066 67088 67
67091 67135 108
67102 67108 134
67113 67144 74
67114 67122 79
67140 67165 65
67163 67204 105
67193 67238 243
67217 67222 289
67237 67239 61
67263 67302 25
67265 67311 177
67279 67294 241
67307 67310 127
67328 67376 151
67356 67370 163
67385 67418 60
67409 67452 187
67409 67429 126
67410 67441 137
67431 67453 246
67446 67447 61
67466 67498 5
67495 67523 109
67502 67538 11
67529 67556 92
67557 67574 98
67587 67635 219
67591 67597 14
67600 67617 100
67627 67666 290
67656 67702 233
67658 67678 76
67662 67712 162
67680 67720 239
67702 67738 73
67732 67734 68
67750 67760 12
67757 67768 34
67784 67801 132
67805 67827 62
67822 67855 179
67842 67883 144
67861 67864 92
67891 67934 128
67910 67919 49
67924 67972 227
67925 67950 172
67941 67970 20
67967 67997 45
67991 68036 89
68009 68047 282
68014 68028 82
68044 68072 188
68056 68064 198
68085 68117 192
68107 68123 291
68131 68156 199
68158 68162 42
68172 68175 22
68182 68228 289
68208 68245 40
68227 68264 250
68244 68258 46
68270 68302 81
68270 68312 4
68295 68310 174
68302 68312 262
68332 68362 182
68352 68389 95
68370 68414 223
68380 68421 5
68380 68398 58
68398 68421 207
68425 68433 135
68437 68450 131
68437 68451 117
68465 68513 208
68473 68483 192
68493 68539 17
68494 68530 147
68509 68550 184
68527 68541 229
68532 68534 248
68541 68555 141
68555 68572 1
68576 68577 224
68582 68601 37
68591 68593 152
68601 68626 268
68619 68627 57
68637 68686 121
68643 68648 157
68650 68688 223
68667 68708 216
68685 68707 180
68696 68712 196
68705 68725 182
68713 68730 173
68742 68779 26
68753 68775 109
68767 68803 99
68777 68799 197
68786 68805 56
68794 68795 188
68802 68826 26
68814 68818 266
68821 68849 217
68845 68888 26
68868 68910 151
68885 68904 91
68902 68945 172
68920 68968 17
68939 68958 48
68965 68991 164
68989 69011 20
69003 69007 127
69030 69045 48
69057 69079 119
69071 69120 47
69080 69116 263
69089 69110 268
69095 69121 86
69097 69130 193
69116 69148 264
69141 69157 228
69171 69197 104
69174 69179 255
69188 69192 222
69199 69203 248
69202 69240 251
69220 69252 270
69238 69263 159
69247 69279 252
69267 69295 218
69292 69317 167
69306 69309 21
69336 69342 265
69343 69376 57
69345 69352 231
69365 69407 23
69369 69386 291
69386 69398 259
69392 69416 214
69392 69399 98
69392 69431 164
69403 69411 226
69429 69446 86
69439 69451 238
69459 69468 63
69477 69526 271
69504 69507 145
69523 69541 252
69549 69588 77
69575 69582 230
69599 69639 63
69606 69656 94
69623 69649 44
69646 69658 212
69647 69680 42
69677 69712 239
69699 69747 48
69720 69723 261
69733 69772 34
69762 69796 246
69783 69797 295
69789 69838 263
69813 69841 237
69823 69835 29
69844 69881 270
69872 69880 226
69899 69933 38
69905 69930 234
69935 69976 70
69937 69976 290
69938 69965 162
69941 69987 70
69961 69997 147
69963 69966 89
69993 69995 229
70009 70053 295
70037 70063 143
70058 70059 248
70076 70114 186
70077 70127 265
70085 70112 34
70095 70136 175
70108 70112 239
70109 70142 77
70130 70163 168
70148 70149 67
70160 70183 267
70178 70190 125
70181 70189 238
70206 70221 267
70229 70237 213
70248 70259 2
70273 70291 290
70284 70312 35
70312 70320 72
70314 70315 96
70337 70386 38
70342 70382 158
70350 70351 184
70365 70405 42
70369 70395 49
70386 70415 254
70393 70408 220
70399 70436 268
70402 70436 82
70417 70464 156
70421 70433 285
70431 70458 205
70442 70455 63
70452 70487 101
70467 70517 17
70489 70537 11
70505 70507 142
70528 70535 92
70545 70557 114
70571 70597 150
70579 70593 38
70585 70593 143
70602 70611 207
70619 70622 219
70634 70674 161
70641 70654 45
70661 70686 212
70677 70706 268
70681 70729 199
70683 70711 147
70695 70700 270
70707 70755 239
70713 70762 163
70723 70771 50
70727 70772 158
70756 70787 208
70758 70793 148
70783 70821 143
70813 70834 158
70835 70859 149
70844 70869 85
70862 70869 74
70876 70911 266
70886 70914 267
70895 70900 188
70906 70952 132
70931 70934 278
70937 70947 65
70958 70971 79
70967 70994 147
70994 71000 20
71016 71031 7
71019 71043 34
71037 71057 159
71052 71073 31
71079 71081 50
71082 71132 156
71098 71112 42
71114 71130 73
71124 71163 261
71145 71156 251
71147 71168 216
71157 71180 75
71173 71199 138
71189 71201 232
71208 71212 190
71221 71239 224
71246 71267 231
71269 71314 278
71278 71307 169
71281 71323 50
71292 71314 159
71295 71328 292
71309 71314 201
71339 71342 297
71346 71369 211
71353 71398 116
71380 71416 44
71397 71403 168
71416 71443 93
71435 71485 277
71450 71500 54
71461 71471 185
71486 71516 298
71488 71497 142
71501 71522 33
71525 71526 106
71552 71589 60
71582 71610 15
71611 71649 91
71626 71663 191
71646 71671 76
71655 71679 152
71683 71695 138
71685 71712 229
71699 71730 33
71711 71712 291
71720 71765 232
71740 71757 173
71751 71770 286
71754 71792 227
71771 71818 247
71798 71842 267
71823 71849 16
71841 71865 269
71859 71901 293
71882 71892 104
71896 71916 235
71912 71916 139
71915 71919 168
71924 71957 247
71946 71969 171
71968 71976 178
71971 71998 166
71972 72003 123
72002 72042 145
72024 72074 101
72051 72087 243
72075 72081 86
72092 72110 216
72103 72134 134
72109 72133 287
72139 72153 109
72149 72179 155
72164 72214 203
72183 72196 42
72202 72248 21
72214 72249 37
72242 72265 39
72251 72267 45
72256 72289 43
72269 72299 123
72279 72310 156
72293 72302 157
72323 72355 3
72338 72339 41
72365 72369 71
72377 72406 223
72378 72407 117
72400 72409 143
72405 72448 159
72421 72458 209
72450 72473 149
72454 72478 8
72475 72486 169
72498 72504 197
72503 72515 30
72504 72554 61
72507 72531 64
72509 72547 285
72536 72559 132
72562 72606 255
72583 72629 157
72586 72614 218
72597 72630 59
72598 72631 154
72627 72638 63
72652 72697 89
72675 72678 295
72685 72735 5
72711 72722 161
72724 72732 272
72745 72754 294
72759 72803 137
72783 72789 150
72804 72808 212
72827 72844 192
72836 72850 142
72865 72891 195
72876 72921 268
72884 72894 218
72885 72887 10
72894 72903 253
72911 72946 104
72928 72952 25
72932 72981 147
72961 72967 125
72962 72979 177
72967 72990 281
72970 73010 89
72990 73021 119
73009 73058 123
73018 73065 133
73037 73061 55
73038 73042 173
73047 73095 73
73052 73101 141
73058 73065 248
73066 73096 291
73066 73081 116
73078 73084 129
73089 73138 44
73100 73141 196
73108 73114 124
73120 73166 129
73143 73183 62
73149 73170 127
73169 73188 259
73184 73216 296
73205 73249 57
73212 73217 37
73217 73218 274
73240 73280 173
73254 73275 297
73273 73321 267
73277 73292 53
73294 73329 145
73322 73340 22
73344 73366 55
73350 73354 244
73370 73395 125
73374 73422 258
73401 73407 144
73415 73445 194
73427 73430 22
73448 73475 28
73472 73477 168
73486 73488 57
73499 73503 40
73499 73537 48
73503 73510 273
73515 73547 126
73519 73529 111
73549 73576 137
73567 73617 209
73593 73629 156
73620 73624 201
73639 73668 18
73652 73657 9
73653 73699 35
73660 73709 200
73665 73684 36
73686 73726 168
73704 73727 283
73722 73765 100
73752 73787 154
73779 73815 109
73784 73812 235
73784 73830 165
73784 73798 210
73814 73827 226
73815 73848 75
73834 73837 14
73843 73867 49
73870 73884 23
73877 73925 31
73905 73920 40
73910 73953 65
73912 73942 122
73936 73938 273
73959 74000 35
73987 73991 22
74002 74040 267
74021 74065 237
74047 74076 222
74067 74080 38
74083 74097 207
74103 74105 9
74113 74137 56
74140 74169 16
74169 74210 31
74196 74235 57
74224 74255 97
74245 74280 248
74270 74278 216
74278 74295 231
74308 74311 154
74312 74339 81
74320 74346 183
74336 74367 73
74340 74347 98
74364 74388 295
74391 74401 123
74410 74460 166
74415 74435 68
74436 74464 124
74456 74481 34
74483 74509 195
74484 74499 124
74492 74529 168
74512 74560 39
74528 74538 176
74540 74579 62
74543 74563 132
74573 74589 3
74593 74606 294
74603 74618 33
74613 74662 55
74637 74664 217
74664 74672 281
74669 74718 216
74698 74738 125
74725 74765 160
74733 74745 144
74746 74787 174
74760 74790 289
74774 74801 292
74786 74832 236
74809 74833 167
74818 74845 5
74844 74880 38
74863 74869 268
74881 74897 293
74891 74898 67
74911 74927 1
74923 74965 19
74938 74953 108
74966 74982 217
74966 74999 120
74981 75026 155
75001 75020 219
75012 75039 105
75019 75028 106
75023 75033 159
75026 75027 144
75049 75098 52
75075 75076 44
75094 75098 152
75110 75123 125
75128 75135 268
75135 75185 38
75148 75191 14
75178 75189 88
75197 75213 43
75201 75208 34
75226 75275 37
75235 75242 228
75260 75297 107
75263 75308 208
75269 75300 262
75276 75290 167
75287 75294 87
75298 75339 80
75324 75358 196
75341 75362 93
75346 75381 189
75362 75372 19
75362 75372 31
75377 75412 59
75387 75401 206
75408 75436 224
75409 75448 11
75419 75453 103
75443 75455 45
75446 75458 28
75469 75519 75
75471 75500 55
75499 75542 200
75527 75556 197
75533 75576 80
75539 75556 231
75551 75556 99
75578 75623 17
75600 75641 26
75620 75670 212
75631 75646 121
75660 75677 100
75688 75709 38
