1000
10 21 271
11 47 133
31 51 247
58 70 166
63 97 24
64 98 210
84 112 78
109 134 110
121 145 30
142 156 214
146 193 136
158 172 163
177 204 278
178 205 260
204 233 166
230 264 119
255 274 173
266 267 184
273 275 178
273 298 271
289 327 53
313 325 176
341 369 66
357 361 207
371 383 258
397 432 111
399 422 251
413 458 229
434 468 23
464 485 187
483 490 3
490 517 276
518 522 14
537 578 102
559 560 180
563 605 124
588 616 74
611 626 259
623 643 88
631 637 212
658 668 54
664 705 20
675 698 23
705 739 141
722 765 98
736 783 68
748 779 35
765 800 109
780 828 47
780 786 61
799 810 169
813 853 17
842 866 278
854 898 111
869 910 59
882 905 101
895 919 257
923 940 21
926 975 111
953 984 99
966 971 48
968 974 183
970 982 142
978 979 225
1005 1029 16
1007 1031 50
1009 1027 208
1024 1050 260
1043 1059 268
1073 1122 267
1091 1097 40
1102 1139 24
1130 1161 2
1130 1133 96
1156 1161 23
1180 1221 57
1194 1239 271
1218 1225 57
1246 1247 186
1248 1280 166
1255 1284 149
1284 1287 26
1288 1302 227
1309 1342 148
1321 1371 284
1344 1379 33
1346 1362 233
1364 1373 138
1364 1400 123
1386 1426 111
1386 1405 246
1400 1441 293
1411 1426 155
1419 1449 197
1437 1467 121
1464 1473 111
1483 1485 100
1493 1496 80
1494 1496 92
1504 1532 30
1530 1564 250
1555 1556 175
1577 1597 215
1601 1623 48
1613 1616 19
1614 1622 98
1628 1678 107
1651 1684 71
1656 1658 243
1661 1700 166
1685 1734 121
1699 1710 62
1729 1773 249
1756 1769 283
1779 1829 33
1805 1836 100
1810 1859 68
1828 1832 172
1840 1851 115
1869 1906 179
1874 1922 28
1890 1937 260
1912 1941 263
1918 1933 96
1928 1952 159
1956 1962 68
1956 1981 100
1962 1997 103
1972 2002 280
2002 2004 75
2016 2057 175
2044 2094 284
2065 2088 225
2068 2112 192
2095 2125 279
2122 2123 39
2136 2148 140
2159 2176 134
2161 2191 249
2187 2195 16
2195 2222 152
2225 2256 192
2234 2276 61
2256 2292 172
2257 2303 165
2273 2304 59
2285 2294 87
2312 2356 145
2325 2364 289
2332 2335 25
2360 2394 213
2365 2411 41
2392 2423 207
2397 2419 9
2427 2450 261
2446 2483 157
2469 2490 193
2494 2503 272
2511 2514 250
2527 2546 87
2544 2564 39
2561 2579 270
2585 2617 167
2611 2656 121
2640 2677 24
2666 2688 105
2683 2695 232
2688 2691 147
2707 2743 158
2725 2726 290
2726 2738 215
2740 2776 281
2744 2754 22
2772 2792 54
2796 2824 82
2819 2831 126
2827 2836 76
2848 2898 17
2867 2880 190
2890 2900 209
2898 2903 288
2900 2903 230
2924 2974 276
2935 2946 66
2961 2979 159
2984 3021 23
3007 3038 297
3030 3055 55
3047 3093 91
3069 3115 268
3073 3079 243
3098 3130 59
3103 3109 82
3133 3150 273
3137 3174 197
3152 3162 182
3176 3193 124
3201 3203 4
3226 3263 14
3244 3293 248
3252 3273 282
3278 3315 210
3299 3345 190
3316 3359 88
3337 3365 81
3343 3354 97
3343 3344 265
3358 3382 91
3365 3368 134
3382 3424 261
3398 3402 68
3420 3437 19
3441 3483 107
3461 3484 274
3486 3525 129
3514 3526 136
3534 3539 192
3551 3588 272
3571 3581 66
3601 3643 211
3612 3614 169
3632 3680 49
3648 3691 288
3649 3685 117
3664 3683 41
3693 3724 112
3700 3729 243
3716 3766 245
3724 3757 34
3726 3766 140
3753 3799 176
3770 3806 200
3793 3842 151
3804 3833 182
3830 3833 142
3850 3878 278
3872 3892 180
3892 3922 121
3910 3930 37
3911 3944 226
3937 3946 213
3946 3968 297
3953 3989 157
3983 3991 84
3991 4019 243
4020 4035 191
4030 4050 37
4043 4052 236
4048 4051 205
4064 4069 61
4091 4113 242
4113 4151 38
4120 4149 277
4121 4165 46
4121 4165 109
4134 4157 195
4139 4168 280
4169 4170 104
4187 4221 131
4216 4233 146
4244 4246 256
4255 4279 127
4271 4309 109
4277 4315 7
4304 4351 130
4304 4345 240
4319 4321 84
4327 4337 237
4354 4395 265
4378 4410 136
4406 4426 246
4431 4474 139
4450 4472 45
4472 4477 19
4484 4522 48
4511 4514 127
4520 4539 164
4545 4552 299
4549 4588 119
4554 4569 169
4566 4599 122
4587 4624 24
4598 4600 228
4614 4627 55
4634 4671 115
4644 4646 102
4648 4660 274
4648 4651 277
4652 4683 104
4660 4685 186
4669 4700 178
4679 4703 271
4682 4697 259
4698 4720 151
4703 4725 50
4715 4722 97
4718 4748 206
4722 4726 208
4735 4775 106
4765 4788 193
4779 4781 272
4806 4823 24
4818 4863 250
4844 4890 172
4871 4902 13
4881 4891 192
4883 4919 123
4892 4924 256
4904 4905 110
4904 4907 87
4925 4940 156
4947 4986 50
4957 4970 165
4957 4990 228
4971 4988 24
4974 4999 231
4989 5015 36
5008 5040 242
5010 5043 155
5040 5060 233
5042 5069 80
5062 5086 28
5086 5099 197
5089 5102 224
5118 5137 96
5144 5164 286
5146 5176 37
5160 5174 298
5170 5193 268
5187 5188 61
5210 5226 297
5232 5265 276
5245 5290 3
5255 5303 243
5279 5290 219
5300 5317 288
5330 5351 110
5334 5359 249
5355 5360 300
5355 5404 4
5357 5364 2
5382 5391 237
5406 5427 230
5417 5438 90
5429 5477 109
5451 5488 18
5466 5515 261
5478 5486 51
5489 5539 80
5493 5539 297
5509 5522 44
5529 5566 82
5543 5555 246
5547 5570 142
5567 5583 153
5577 5626 152
5606 5638 208
5616 5647 276
5645 5651 256
5647 5649 146
5658 5682 21
5687 5725 107
5709 5710 85
5712 5717 168
5737 5766 96
5758 5761 152
5764 5811 282
5780 5822 92
5797 5804 179
5827 5835 147
5841 5891 116
5849 5879 249
5879 5904 224
5897 5933 152
5925 5957 269
5931 5980 12
5943 5956 148
5965 6000 100
5980 5992 258
5990 6025 118
6011 6044 93
6039 6062 71
6039 6088 177
6042 6060 171
6063 6086 114
6081 6129 177
6100 6102 207
6120 6141 191
6125 6158 181
6151 6175 51
6170 6205 88
6195 6204 275
6221 6259 169
6240 6256 76
6267 6293 166
6270 6296 190
6282 6319 185
6290 6322 261
6296 6329 22
6314 6331 21
6339 6351 73
6354 6396 142
6362 6398 259
6371 6399 142
6399 6433 276
6418 6443 28
6426 6436 18
6452 6486 86
6470 6516 66
6476 6518 41
6482 6525 24
6484 6531 266
6512 6562 52
6521 6524 217
6543 6547 255
6566 6599 196
6588 6620 101
6614 6644 177
6643 6661 265
6650 6669 252
6651 6686 54
6659 6661 295
6674 6681 72
6685 6719 44
6697 6725 102
6710 6739 63
6719 6733 73
6735 6741 255
6738 6779 119
6753 6799 159
6777 6820 219
6786 6821 178
6796 6827 2
6804 6839 235
6818 6838 298
6820 6837 293
6844 6845 21
6870 6878 86
6878 6898 201
6878 6884 17
6878 6884 130
6883 6931 1
6895 6938 126
6903 6920 273
6907 6913 35
6917 6967 169
6947 6952 288
6970 7016 123
6976 7018 257
6984 6986 108
7000 7028 128
7008 7038 244
7009 7039 83
7034 7084 227
7052 7055 230
7082 7126 23
7088 7133 4
7091 7131 206
7098 7104 268
7099 7136 27
7121 7147 40
7129 7133 9
7142 7155 290
7156 7175 157
7178 7205 274
7180 7210 42
7199 7205 67
7221 7248 123
7225 7265 47
7252 7291 74
7264 7295 129
7281 7315 143
7304 7350 271
7304 7349 250
7325 7346 84
7354 7397 115
7366 7410 123
7387 7428 121
7411 7418 47
7418 7431 286
7439 7457 116
7458 7476 289
7481 7499 201
7511 7555 176
7523 7537 229
7544 7584 145
7555 7580 152
7574 7624 272
7574 7591 168
7592 7628 221
7621 7670 180
7623 7626 19
7626 7628 22
7637 7676 66
7651 7699 231
7673 7717 282
7698 7703 275
7718 7745 289
7728 7746 87
7733 7751 148
7742 7759 118
7747 7786 160
7753 7761 70
7779 7780 219
7805 7837 18
7827 7831 103
7834 7863 290
7850 7893 59
7862 7911 11
7882 7922 9
7909 7943 214
7936 7954 83
7961 8002 48
7965 7967 54
7970 8004 252
7974 7975 71
7976 8004 203
7983 8018 73
8005 8023 54
8010 8016 31
8019 8040 211
8031 8050 295
8057 8065 271
8080 8106 225
8104 8142 54
8106 8143 183
8123 8154 177
8136 8155 11
8154 8204 18
8175 8196 132
8203 8232 8
8224 8228 15
8225 8248 135
8225 8251 62
8251 8264 221
8277 8299 5
8288 8308 106
8312 8355 146
8318 8352 253
8333 8358 115
8363 8365 174
8373 8419 183
8384 8425 61
8411 8426 190
8430 8475 207
8460 8491 139
8468 8497 233
8492 8523 47
8496 8542 39
8519 8530 13
8546 8582 84
8553 8591 240
8567 8573 283
8595 8597 218
8601 8644 84
8629 8641 153
8639 8648 32
8650 8687 26
8660 8668 285
8686 8736 83
8698 8745 92
8699 8706 244
8726 8770 171
8753 8755 223
8783 8800 158
8810 8822 35
8821 8858 269
8844 8847 125
8851 8883 16
8869 8911 200
8897 8917 192
8899 8938 45
8916 8955 249
8924 8930 223
8947 8959 170
8966 9001 169
8978 9000 52
9008 9028 91
9019 9040 290
9020 9031 275
9034 9053 148
9041 9062 186
9070 9078 253
9071 9095 134
9085 9134 229
9093 9105 86
9113 9163 91
9130 9168 182
9156 9166 227
9179 9205 40
9184 9188 38
9209 9220 274
9235 9257 279
9249 9261 166
9251 9299 19
9273 9279 258
9294 9333 171
9309 9333 252
9317 9349 201
9347 9373 156
9372 9421 286
9384 9434 17
9413 9427 202
9436 9478 300
9436 9451 86
9438 9468 172
9454 9489 86
9471 9500 9
9476 9510 135
9504 9505 265
9510 9555 289
9519 9541 203
9524 9529 93
9529 9542 13
9540 9590 144
9551 9589 150
9563 9601 139
9568 9615 191
9586 9630 293
9611 9631 139
9618 9652 97
9632 9634 255
9643 9675 195
9653 9703 101
9663 9683 109
9684 9691 86
9712 9721 176
9731 9756 174
9760 9780 298
9765 9814 78
9775 9779 212
9797 9837 67
9808 9846 91
9816 9853 299
9838 9881 109
9862 9899 122
9863 9904 225
9890 9934 89
9898 9926 222
9925 9964 195
9927 9977 82
9953 9961 70
9963 9974 168
9989 9994 258
9997 10040 56
10024 10062 208
10034 10050 124
10061 10075 275
10078 10108 300
10107 10122 19
10133 10162 292
10141 10143 10
10144 10182 199
10171 10197 244
10200 10215 192
10201 10240 18
10207 10226 112
10223 10264 19
10233 10246 139
10244 10287 271
10263 10277 279
10289 10333 143
10316 10330 11
10329 10373 73
10346 10353 171
10355 10402 264
10357 10382 257
10387 10406 131
10414 10420 280
10421 10454 94
10431 10449 170
10443 10446 127
10451 10499 206
10462 10482 114
10481 10517 19
10481 10501 189
10490 10502 4
10496 10532 194
10523 10558 252
10534 10558 223
10540 10575 64
10569 10595 210
10582 10629 57
10588 10603 178
10610 10656 218
10613 10625 198
10635 10636 175
10644 10680 85
10663 10676 18
10679 10716 215
10689 10721 151
10698 10730 68
10715 10739 4
10733 10764 147
10753 10768 122
10760 10785 13
10776 10786 285
10804 10818 54
10823 10851 230
10837 10850 35
10855 10871 165
10883 10897 5
10912 10919 163
10918 10920 241
10937 10944 134
10964 11009 147
10987 11000 203
11002 11003 104
11003 11005 140
11006 11009 133
11018 11023 225
11032 11052 222
11062 11068 19
11078 11118 212
11098 11115 243
11100 11126 108
11122 11127 102
11130 11131 101
11135 11140 172
11135 11158 50
11158 11167 208
11167 11212 240
11188 11211 281
11215 11233 186
11245 11288 258
11259 11280 216
11269 11273 208
11294 11319 300
11323 11359 262
11341 11372 123
11354 11401 140
11372 11417 251
11379 11387 264
11399 11430 97
11406 11435 15
11422 11438 115
11449 11488 158
11462 11500 3
11463 11472 237
11486 11520 136
11509 11510 186
11533 11552 238
11537 11580 208
11566 11609 194
11585 11593 166
11586 11626 206
11613 11633 202
11631 11637 77
11636 11682 76
11657 11702 137
11686 11727 127
11710 11737 103
11732 11766 254
11733 11771 209
11740 11790 50
11766 11796 242
11784 11813 239
11797 11826 67
11815 11865 272
11840 11857 99
11868 11884 272
11881 11924 213
11906 11918 138
11922 11960 233
11934 11954 57
11948 11959 159
11973 11976 36
11993 12013 263
12007 12052 102
12023 12073 293
12049 12090 20
12074 12095 63
12088 12133 270
12104 12121 48
12116 12144 103
12131 12159 130
12138 12154 51
12160 12202 267
12180 12207 82
12206 12215 58
12215 12245 54
12217 12255 42
12232 12243 212
12252 12285 141
12274 12284 105
12277 12285 172
12294 12303 225
12294 12316 35
12299 12323 120
12319 12327 178
12322 12338 256
12351 12365 190
12366 12390 142
12381 12386 58
12394 12443 124
12410 12415 53
12411 12442 137
12422 12470 255
12440 12484 20
12441 12444 288
12470 12482 134
12485 12499 155
12495 12538 289
12496 12503 193
12519 12525 181
12549 12597 184
12574 12623 261
12589 12605 236
12611 12650 224
12624 12632 49
12627 12655 208
12641 12647 39
12646 12668 147
12669 12676 271
12678 12691 105
12678 12711 162
12704 12706 145
12726 12775 51
12754 12766 10
12780 12788 294
12800 12825 179
12814 12819 126
12814 12836 169
12834 12856 141
12852 12869 164
12870 12897 290
12871 12903 221
12875 12900 234
12896 12915 284
12924 12949 10
12940 12947 81
12959 12964 289
12980 13009 88
12983 13033 98
12986 13035 252
13001 13018 221
13030 13031 190
13038 13071 87
13038 13048 49
13068 13085 300
13073 13076 61
13089 13125 297
13099 13118 214
13104 13154 44
13127 13144 173
13133 13147 80
13159 13161 91
13178 13218 251
13184 13220 118
13191 13228 113
13216 13247 229
13240 13253 81
13264 13306 68
13283 13305 203
13295 13305 247
13314 13332 21
13333 13361 114
13355 13389 154
13374 13410 48
13392 13396 34
13399 13444 274
13425 13471 69
13429 13440 88
13448 13466 174
13458 13490 26
13459 13507 44
13487 13528 132
13512 13554 21
13530 13541 120
13554 13580 132
13556 13589 31
13582 13617 291
13601 13603 126
13627 13658 28
13650 13668 212
13652 13669 148
13652 13693 134
13665 13681 262
13689 13732 213
13704 13715 106
13733 13768 64
13739 13740 10
13751 13797 104
13756 13801 12
13777 13821 244
13786 13814 5
13788 13800 137
13812 13858 204
13831 13837 201
13845 13856 210
13851 13867 131
13851 13874 121
13856 13892 250
13884 13895 166
13902 13947 271
13916 13962 32
13921 13946 230
13929 13976 182
13954 13986 214
13966 13985 234
13971 14020 155
13971 13981 139
13980 14007 288
13996 14040 207
13997 14017 288
14003 14026 165
14020 14041 269
14029 14069 69
14037 14067 146
14067 14096 137
14088 14117 208
14103 14116 71
14131 14151 178
14138 14162 276
14147 14173 82
14172 14186 48
14192 14202 70
14200 14228 156
14228 14241 270
14250 14297 180
14250 14298 132
14263 14264 39
14266 14303 223
14284 14292 293
14290 14308 227
14311 14320 225
14340 14350 147
14358 14373 35
14362 14376 41
14392 14433 158
14397 14439 163
14424 14433 141
14439 14481 187
14447 14495 58
14468 14506 1
14475 14480 271
14498 14507 223
14514 14564 67
14537 14570 91
14561 14605 294
14589 14612 166
14589 14591 63
14616 14654 189
14632 14670 192
14641 14678 54
14659 14670 177
14684 14701 198
14686 14732 253
14705 14711 131
14726 14769 89
14753 14773 269
14756 14765 203
14780 14813 180
14801 14841 124
14827 14839 196
14855 14881 12
14857 14885 243
14861 14873 270
14869 14908 31
14887 14906 232
14916 14934 260
14929 14979 119
14954 14991 41
14981 15014 192
15003 15047 14
15028 15070 276
15042 15080 209
15043 15072 276
15052 15097 102
15070 15106 41
15079 15085 267
15081 15131 118
15097 15103 90
15119 15131 12
15134 15149 100
15139 15180 100
15159 15188 150
15188 15203 279
15212 15227 65
15238 15285 148
15251 15262 3
15257 15300 296
15287 15300 91
15307 15335 3
15307 15347 290
15315 15321 148
15326 15341 98
15340 15371 126
15349 15391 241
15349 15357 129
15366 15375 27
15371 15373 233
15371 15393 176
15393 15411 93
15401 15435 130
15421 15422 183
15427 15433 16
15439 15482 62
15458 15466 70
15488 15497 267
