100
17 33 29
23 49 69
39 53 113
62 88 92
87 121 161
114 115 235
143 181 58
156 174 139
158 188 280
181 223 62
184 229 21
195 216 63
218 234 251
248 259 290
262 309 223
266 290 180
267 300 111
293 294 30
317 319 242
345 373 128
370 376 243
379 387 248
383 422 60
399 447 221
399 405 97
409 436 69
419 467 207
435 446 25
462 489 133
477 499 68
500 514 11
518 537 244
531 539 180
561 584 250
582 620 73
608 624 16
615 659 210
641 654 171
650 658 73
672 720 186
699 749 207
729 759 122
735 777 58
759 799 64
787 830 253
795 806 273
804 852 56
825 839 1
846 872 272
854 891 250
878 923 50
878 928 92
906 936 240
908 933 64
908 929 128
923 971 176
940 950 242
954 993 43
969 986 237
980 1016 104
984 1011 280
987 1029 201
987 1007 297
987 999 161
1001 1016 177
1021 1063 129
1021 1040 77
1037 1039 40
1062 1098 177
1092 1097 71
1120 1156 286
1129 1155 190
1147 1172 126
1159 1193 245
1170 1181 182
1176 1215 220
1176 1199 82
1201 1243 14
1208 1211 274
1212 1217 259
1229 1235 153
1240 1244 292
1244 1285 300
1267 1310 274
1284 1290 296
1301 1327 222
1318 1348 153
1331 1333 268
1352 1375 68
1356 1358 266
1380 1406 178
1395 1417 296
1403 1407 58
1428 1466 44
1452 1469 21
1473 1488 121
1477 1484 98
1504 1543 277
1519 1521 160
1529 1562 162
