200
26 27 151
33 76 57
50 78 124
52 77 95
68 101 210
93 127 37
112 152 229
114 135 129
133 174 138
145 164 254
171 192 24
199 213 34
207 248 256
234 239 289
254 280 253
283 311 74
302 330 243
305 343 106
335 372 123
339 385 66
362 409 48
368 400 139
371 401 43
393 437 75
420 460 165
431 478 76
447 451 234
459 470 161
463 476 42
463 487 16
477 526 219
479 488 57
486 503 51
492 493 68
508 539 274
508 511 91
522 550 141
547 580 192
569 581 250
584 602 220
598 609 164
606 648 203
633 640 214
649 686 282
661 662 136
691 698 72
703 713 277
721 767 245
738 764 87
764 813 49
766 789 84
786 835 54
796 797 236
801 816 80
809 845 209
838 880 225
856 857 293
865 872 208
872 907 94
872 891 124
893 907 204
917 921 39
930 980 47
938 957 215
939 986 70
956 979 38
961 966 193
975 1024 79
1002 1010 263
1014 1037 72
1018 1035 119
1047 1054 154
1066 1103 1
1080 1111 283
1092 1138 131
1107 1110 133
1125 1126 91
1132 1177 201
1162 1164 113
1180 1230 84
1208 1249 163
1230 1246 114
1254 1276 223
1281 1304 202
1298 1346 230
1310 1350 72
1334 1350 174
1363 1409 154
1375 1407 39
1398 1414 259
1425 1459 108
1451 1499 233
1477 1498 265
1506 1541 253
1507 1557 225
1527 1535 104
1540 1562 159
1565 1612 131
1589 1623 102
1597 1625 95
1605 1628 254
1626 1664 33
1639 1666 267
1650 1677 209
1655 1690 279
1663 1672 274
1688 1735 70
1688 1738 105
1694 1697 20
1698 1706 208
1706 1712 111
1723 1740 224
1733 1771 135
1738 1787 201
1760 1784 164
1771 1798 14
1773 1821 145
1784 1798 256
1794 1800 125
1804 1814 11
1821 1846 264
1828 1857 113
1854 1872 170
1869 1909 48
1897 1908 51
1898 1938 2
1905 1947 131
1910 1955 224
1937 1982 50
1946 1994 63
1956 1965 192
1980 2030 290
2000 2022 208
2026 2042 47
2049 2063 93
2076 2080 166
2076 2091 163
2086 2098 300
2098 2103 70
2104 2125 288
2120 2123 89
2140 2189 238
2158 2208 164
2158 2190 176
2174 2223 144
2178 2184 97
2191 2210 147
2215 2261 16
2221 2256 10
2250 2294 251
2278 2297 14
2286 2304 271
2295 2325 112
2301 2303 58
2330 2345 139
2345 2375 285
2362 2366 247
2391 2413 274
2405 2424 3
2421 2443 97
2438 2476 163
2459 2464 159
2471 2501 14
2482 2484 53
2483 2520 74
2513 2556 124
2524 2539 275
2549 2585 256
2569 2585 35
2583 2584 12
2599 2630 73
2601 2625 291
2613 2657 39
2613 2631 104
2631 2670 230
2660 2688 262
2667 2709 36
2681 2698 231
2702 2735 4
2725 2774 275
2734 2747 169
2752 2757 108
2766 2807 160
2787 2827 194
2817 2860 180
2823 2836 133
2846 2870 281
2872 2902 201
2883 2932 209
2895 2913 267
2917 2941 253
2932 2968 180
2935 2969 148
2965 2974 146
2983 2987 159
2998 3009 203
3003 3013 112
3014 3028 15
3035 3063 9
3056 3062 87
