5000
5 13 169
33 68 71
62 63 171
89 125 214
107 156 226
135 152 255
137 166 39
138 177 228
146 178 139
150 177 138
160 188 160
170 192 127
191 229 221
210 233 206
215 218 24
223 260 240
243 290 219
263 267 10
277 291 68
297 345 45
297 330 210
297 318 156
323 363 233
339 346 170
362 375 299
390 413 193
405 424 34
408 423 130
432 448 124
461 471 68
481 514 186
503 538 207
532 560 47
534 575 234
558 606 227
588 589 220
618 623 25
643 660 106
643 661 23
657 700 168
660 679 41
665 686 181
673 679 174
697 722 199
721 739 26
726 751 210
739 782 92
761 774 190
783 828 174
803 815 71
832 845 41
838 870 215
868 896 97
879 885 175
894 903 120
903 936 93
912 947 179
923 962 59
945 977 135
950 979 94
980 999 108
1007 1022 299
1015 1018 141
1028 1047 173
1058 1081 170
1087 1135 22
1087 1094 256
1109 1140 189
1133 1152 175
1146 1179 292
1158 1200 102
1160 1167 297
1166 1212 236
1179 1193 25
1208 1238 47
1223 1254 70
1246 1291 81
1251 1284 111
1271 1311 214
1288 1300 160
1311 1323 87
1315 1332 216
1330 1380 235
1342 1379 273
1366 1405 161
1383 1414 88
1386 1396 27
1413 1455 215
1427 1450 18
1448 1469 6
1472 1517 291
1500 1529 297
1508 1535 1
1523 1532 132
1553 1576 40
1560 1589 92
1565 1588 178
1583 1612 11
1583 1609 276
1606 1610 224
1623 1639 102
1649 1651 148
1651 1691 184
1655 1673 164
1682 1687 80
1704 1718 85
1720 1721 180
1730 1760 146
1752 1756 174
1755 1775 235
1767 1780 187
1783 1805 110
1794 1829 239
1801 1836 224
1822 1834 105
1837 1879 120
1837 1847 272
1837 1880 106
1846 1853 181
1850 1867 221
1862 1910 200
1878 1916 52
1902 1921 113
1910 1946 299
1936 1974 224
1938 1954 265
1968 2012 57
1989 2007 4
1990 2007 205
1990 2013 158
2011 2036 239
2031 2035 280
2035 2062 209
2043 2076 68
2073 2114 37
2075 2101 51
2077 2097 34
2079 2082 294
2082 2085 15
2098 2138 86
2123 2160 274
2141 2158 83
2160 2205 222
2174 2221 98
2204 2222 209
2211 2226 139
2219 2242 221
2245 2257 199
2258 2261 151
2265 2300 113
2274 2324 83
2301 2337 286
2315 2346 171
2331 2353 119
2331 2342 88
2342 2347 132
2350 2370 3
2375 2421 232
2395 2433 276
2406 2424 291
2417 2431 58
2419 2463 95
2419 2459 221
2444 2469 159
2467 2484 212
2468 2514 272
2476 2517 192
2488 2526 20
2494 2505 160
2510 2521 151
2531 2544 61
2554 2574 282
2579 2601 250
2583 2589 269
2611 2659 13
2622 2624 59
2639 2684 285
2649 2678 73
2653 2656 264
2669 2686 246
2674 2706 225
2682 2696 3
2698 2726 166
2700 2747 250
2725 2762 129
2726 2750 242
2749 2786 259
2751 2799 194
2762 2771 67
2792 2805 192
2807 2827 212
2813 2817 147
2825 2845 82
2852 2869 35
2866 2889 281
2891 2910 259
2905 2946 267
2907 2920 156
2928 2955 243
2930 2980 11
2957 2978 129
2982 3030 90
3009 3035 109
3039 3085 293
3042 3063 3
3063 3076 273
3091 3126 85
3101 3116 246
3108 3149 132
3132 3168 279
3152 3191 138
3179 3193 120
3196 3237 9
3226 3248 113
3235 3283 128
3258 3268 150
3276 3318 188
3289 3307 13
3309 3355 40
3313 3351 113
3320 3357 145
3337 3379 256
3365 3377 149
3388 3431 180
3406 3424 5
3413 3420 64
3432 3459 22
3462 3490 23
3473 3514 200
3493 3516 251
3512 3559 38
3542 3572 92
3550 3557 177
3560 3583 9
3571 3594 12
3575 3585 124
3588 3605 206
3607 3612 248
3619 3648 66
3642 3683 224
3661 3700 251
3687 3716 157
3713 3715 23
3740 3743 77
3747 3748 42
3757 3771 130
3785 3806 42
3814 3857 158
3833 3834 38
3841 3888 97
3860 3869 196
3877 3884 122
3901 3931 53
3930 3956 196
3938 3982 101
3959 3972 158
3971 3976 101
3993 3999 191
4023 4041 44
4028 4078 127
4032 4081 284
4054 4056 102
4069 4101 152
4074 4089 254
4096 4138 137
4108 4129 47
4124 4168 28
4147 4168 198
4167 4171 231
4175 4201 99
4193 4210 154
4223 4244 117
4237 4241 240
4245 4276 119
4247 4276 99
4257 4291 18
4266 4286 280
4294 4313 80
4294 4341 207
4310 4342 262
4317 4329 103
4338 4349 290
4366 4369 178
4380 4385 26
4381 4383 95
4394 4417 246
4417 4453 137
4434 4454 238
4459 4476 135
4480 4520 125
4491 4540 124
4516 4559 32
4521 4524 22
4527 4560 268
4539 4542 110
4561 4564 22
4580 4619 43
4580 4587 61
4598 4634 54
4618 4628 110
4640 4645 142
4656 4657 65
4658 4694 82
4663 4682 83
4689 4726 136
4697 4734 91
4707 4754 177
4717 4761 285
4742 4788 10
4744 4791 207
4750 4791 203
4778 4806 281
4805 4834 73
4809 4839 168
4837 4871 34
4846 4872 183
4855 4867 52
4865 4870 182
4874 4875 131
4894 4898 70
4905 4948 77
4932 4967 271
4954 4980 150
4966 4979 202
4972 4991 8
4972 5013 154
4978 5025 273
4990 5033 11
5010 5035 49
5040 5050 222
5069 5093 197
5085 5106 37
5111 5136 41
5119 5155 23
5139 5189 53
5159 5193 273
5186 5190 261
5198 5222 255
5227 5249 249
5232 5249 218
5246 5261 90
5271 5288 89
5291 5337 95
5297 5332 63
5321 5337 213
5329 5350 33
5333 5338 18
5345 5389 171
5365 5405 173
5392 5419 250
5406 5412 294
5409 5416 133
5418 5450 291
5445 5464 41
5464 5496 236
5489 5507 126
5499 5502 9
5504 5534 64
5519 5552 105
5529 5536 7
5543 5544 182
5562 5595 159
5592 5593 193
5597 5614 95
5597 5639 221
5617 5632 110
5635 5651 266
5653 5677 212
5679 5691 10
5689 5725 213
5717 5718 276
5745 5756 297
5745 5788 167
5758 5798 299
5761 5785 57
5762 5773 1
5789 5793 95
5799 5830 183
5814 5828 21
5839 5877 81
5853 5863 296
5874 5923 16
5892 5934 104
5900 5910 198
5912 5930 70
5920 5947 13
5936 5979 194
5963 6002 111
5990 5992 10
5994 6024 205
6023 6029 187
6041 6075 17
6065 6111 300
6069 6072 147
6084 6094 33
6084 6086 141
6088 6132 186
6117 6124 199
6137 6152 15
6162 6202 250
6175 6211 99
6179 6193 257
6208 6251 258
6216 6235 82
6230 6249 227
6239 6260 162
6264 6313 222
6272 6303 24
6292 6315 5
6308 6331 116
6310 6348 229
6339 6366 278
6355 6386 288
6382 6393 171
6392 6419 110
6418 6464 235
6435 6455 280
6453 6467 134
6473 6509 80
6490 6521 281
6501 6510 235
6509 6549 180
6538 6562 249
6561 6590 150
6567 6585 87
6569 6592 129
6581 6626 240
6611 6635 86
6639 6676 52
6651 6691 94
6674 6688 256
6678 6711 73
6695 6697 189
6703 6746 162
6718 6734 212
6718 6733 146
6738 6784 248
6753 6764 42
6760 6806 157
6787 6836 2
6788 6831 195
6796 6846 266
6801 6815 228
6805 6829 283
6810 6814 66
6822 6828 267
6832 6855 82
6846 6861 300
6853 6889 167
6881 6927 195
6882 6899 134
6911 6916 171
6932 6973 276
6956 7003 179
6956 6968 101
6965 7001 182
6995 7019 191
7012 7060 89
7026 7034 289
7052 7081 285
7076 7084 241
7079 7091 56
7099 7119 180
7101 7148 47
7111 7153 295
7118 7123 188
7127 7133 277
7153 7155 137
7154 7155 137
7165 7206 25
7174 7177 183
7182 7214 64
7207 7221 150
7237 7287 242
7264 7295 36
7291 7331 247
7297 7319 40
7318 7321 52
7343 7365 186
7347 7368 188
7373 7406 170
7403 7431 186
7411 7434 87
7424 7474 112
7453 7466 66
7482 7525 231
7496 7505 225
7525 7570 170
7531 7581 264
7561 7574 31
7572 7581 156
7579 7625 148
7581 7586 52
7597 7625 283
7612 7620 151
7642 7644 200
7665 7677 227
7686 7717 35
7699 7718 136
7702 7709 176
7725 7774 243
7755 7774 154
7766 7795 131
7766 7810 224
7795 7801 137
7818 7822 211
7831 7851 61
7851 7897 77
7853 7865 119
7867 7903 136
7895 7899 146
7907 7930 135
7909 7932 82
7936 7939 145
7951 7995 108
7978 7983 78
7994 8000 24
7998 8044 232
8023 8034 15
8049 8051 143
8075 8092 18
8079 8113 10
8104 8116 123
8115 8144 133
8116 8132 85
8142 8192 53
8172 8200 299
8181 8229 108
8186 8192 24
8193 8226 81
8207 8231 276
8236 8269 295
8242 8278 201
8263 8282 289
8277 8318 45
8293 8331 106
8312 8325 214
8314 8347 291
8324 8362 271
8353 8380 239
8368 8403 159
8376 8426 96
8397 8434 213
8403 8432 48
8409 8418 225
8436 8479 150
8463 8484 214
8492 8528 225
8516 8558 239
8534 8562 64
8550 8582 57
8560 8593 111
8583 8594 100
8584 8629 7
8608 8630 134
8635 8662 9
8635 8650 6
8636 8677 39
8654 8674 193
8668 8695 150
8685 8727 61
8697 8746 255
8720 8736 289
8747 8793 206
8752 8770 75
8778 8794 101
8806 8842 299
8817 8851 141
8824 8850 206
8828 8860 230
8858 8907 271
8887 8904 293
8902 8936 265
8927 8966 72
8957 8959 131
8986 9036 142
9000 9010 106
9029 9063 273
9041 9051 290
9055 9064 195
9061 9063 287
9085 9124 178
9088 9131 213
9104 9115 257
9129 9163 107
9158 9183 89
9183 9204 88
9188 9202 285
9197 9237 231
9208 9256 294
9235 9238 164
9261 9295 191
9273 9298 151
9282 9295 67
9286 9334 136
9311 9344 127
9331 9356 178
9334 9348 138
9352 9364 166
9374 9421 246
9395 9404 80
9410 9439 121
9434 9443 270
9457 9470 229
9464 9514 261
9473 9523 58
9498 9544 23
9518 9557 183
9548 9597 180
9555 9595 75
9576 9577 82
9576 9582 10
9592 9593 96
9598 9620 16
9608 9615 179
9634 9683 269
9660 9697 188
9674 9715 285
9704 9744 198
9718 9744 266
9723 9753 152
9749 9786 19
9760 9790 286
9784 9818 250
9805 9833 244
9806 9838 270
9828 9842 6
9830 9843 135
9858 9908 182
9868 9870 9
9868 9902 153
9874 9883 191
9877 9906 182
9899 9904 129
9912 9948 265
9934 9938 253
9957 9977 163
9971 9976 255
9989 10014 102
9994 10023 79
10024 10074 242
10046 10083 147
10066 10112 76
10096 10126 178
10116 10139 202
10132 10154 172
10150 10175 3
10166 10203 204
10185 10204 189
10206 10255 265
10210 10213 24
10212 10217 15
10230 10239 43
10231 10249 297
10233 10256 249
10249 10267 168
10260 10284 153
10261 10295 3
10289 10297 148
10299 10313 219
10323 10360 52
10326 10332 113
10329 10333 259
10351 10387 215
10360 10369 113
10385 10386 235
10400 10431 215
10428 10433 26
10434 10460 293
10438 10458 99
10462 10493 134
10469 10499 105
10475 10495 139
10501 10515 166
10511 10526 230
10526 10545 69
10546 10554 148
10559 10571 2
10561 10604 11
10591 10593 294
10599 10618 289
10622 10646 281
10650 10675 203
10668 10715 171
10690 10702 18
10708 10723 220
10716 10730 85
10719 10759 136
10734 10766 219
10764 10807 21
10788 10796 69
10803 10826 163
10833 10876 232
10847 10866 181
10858 10884 230
10862 10872 33
10880 10902 149
10900 10931 180
10909 10913 31
10921 10971 226
10928 10975 253
10945 10977 289
10973 10980 153
10998 11026 275
11002 11022 273
11029 11037 250
11049 11064 116
11076 11089 218
11082 11083 102
11085 11101 16
11109 11116 102
11114 11155 230
11140 11187 121
11162 11174 151
11187 11196 58
11200 11242 14
11207 11219 109
11227 11261 38
11235 11239 198
11256 11294 229
11271 11283 157
11292 11306 6
11310 11316 194
11338 11358 155
11351 11362 78
11355 11391 53
11363 11372 218
11383 11386 275
11402 11441 153
11423 11467 232
11453 11461 136
11470 11496 286
11493 11524 288
11517 11534 265
11518 11529 171
11518 11525 289
11522 11538 93
11526 11550 257
11555 11592 35
11569 11575 32
11597 11628 286
11615 11639 12
11642 11689 130
11648 11661 231
11669 11690 28
11688 11737 79
11694 11743 271
11718 11738 168
11740 11746 87
11768 11786 42
11795 11826 150
11807 11827 111
11822 11844 114
11835 11873 184
11843 11882 167
11860 11865 25
11888 11914 61
11917 11962 289
11938 11979 39
11950 11988 6
11972 11977 186
11999 12047 162
12017 12019 114
12042 12058 205
12054 12080 295
12066 12073 158
12071 12112 201
12078 12121 19
12084 12085 245
12105 12152 49
12126 12133 262
12130 12132 92
12150 12153 156
12153 12193 292
12167 12200 10
12174 12222 103
12203 12233 185
12203 12225 251
12204 12233 110
12219 12262 208
12249 12265 85
12256 12275 246
12278 12327 11
12286 12328 231
12312 12339 24
12313 12340 8
12327 12353 212
12331 12351 84
12355 12369 165
12368 12373 85
12393 12395 251
12403 12422 242
12432 12462 209
12437 12482 68
12447 12465 203
12461 12490 85
12479 12481 86
12494 12502 262
12494 12508 139
12500 12549 111
12520 12565 287
12538 12558 285
12568 12604 277
12577 12601 256
12592 12601 187
12612 12660 32
12639 12646 132
12665 12676 175
12665 12691 232
12694 12703 61
12697 12739 30
12707 12708 159
12737 12770 238
12745 12755 62
12775 12776 156
12787 12827 221
12790 12827 107
12803 12818 83
12828 12878 207
12847 12893 230
12874 12881 192
12889 12918 17
12916 12956 24
12945 12968 183
12947 12984 12
12973 13006 119
13003 13027 297
13028 13072 145
13028 13066 83
13028 13052 213
13056 13092 176
13070 13111 260
13096 13106 63
13114 13124 251
13138 13175 107
13149 13165 99
13179 13211 202
13186 13200 57
13193 13198 31
13196 13206 139
13217 13244 106
13240 13262 175
13270 13318 252
13275 13291 46
13303 13352 263
13314 13333 8
13326 13370 18
13354 13380 2
13375 13380 255
13392 13412 200
13405 13440 41
13419 13446 136
13445 13486 267
13458 13484 18
13468 13499 231
13478 13511 184
13488 13533 66
13488 13525 259
13500 13520 55
13507 13521 225
13520 13539 22
13542 13551 152
13543 13554 234
13550 13588 221
13573 13584 230
13594 13608 227
13604 13630 115
13623 13656 83
13638 13639 258
13662 13671 298
13680 13721 285
13710 13718 62
13719 13737 105
13728 13734 92
13744 13767 166
13765 13780 125
13781 13818 199
13806 13849 17
13809 13835 131
13837 13842 241
13846 13877 292
13852 13869 269
13855 13880 285
13872 13890 288
13897 13910 58
13907 13943 136
13931 13969 8
13946 13994 106
13973 14019 50
14002 14032 198
14029 14041 202
14044 14066 253
14056 14058 200
14073 14089 51
14101 14144 273
14127 14171 223
14128 14134 267
14145 14195 28
14145 14153 279
14147 14179 71
14153 14173 15
14155 14190 147
14173 14206 58
14189 14198 65
14215 14247 78
14244 14293 64
14268 14310 154
14282 14307 297
14298 14329 182
14325 14345 146
14352 14367 162
14365 14414 2
14392 14420 188
14409 14438 165
14438 14457 107
14442 14445 202
14458 14466 146
14477 14508 25
14489 14522 21
14498 14536 113
14504 14516 86
14504 14531 60
14514 14534 108
14520 14569 33
14528 14548 50
14551 14566 160
14561 14589 38
14574 14604 289
14574 14591 238
14578 14600 158
14588 14604 48
14593 14607 204
14593 14597 81
14622 14623 123
14647 14679 59
14664 14700 250
14667 14670 209
14683 14700 88
14706 14736 158
14734 14769 173
14745 14785 186
14757 14807 295
14757 14775 58
14786 14823 215
14813 14826 128
14841 14853 295
14854 14869 197
14876 14894 114
14903 14927 87
14927 14941 196
14944 14983 112
14969 14995 247
14995 14997 268
15003 15030 288
15024 15036 280
15031 15051 141
15032 15047 164
15055 15094 149
15060 15106 187
15068 15102 179
15090 15100 102
15102 15149 173
15125 15146 56
15146 15195 109
15153 15190 204
15160 15190 16
15182 15217 72
15209 15210 41
15237 15271 259
15252 15265 215
15278 15290 29
15285 15317 244
15312 15318 251
15325 15368 130
15336 15371 202
15341 15376 242
15347 15350 197
15352 15379 67
15372 15386 219
15384 15402 242
15390 15395 279
15409 15443 40
15424 15468 176
15425 15429 32
15453 15481 212
15481 15504 182
15495 15521 53
15506 15549 50
15532 15550 262
15548 15570 169
15576 15614 260
15582 15599 40
15592 15626 238
15594 15605 140
15622 15637 157
15627 15661 29
15655 15659 221
15684 15696 236
15698 15716 215
15698 15747 105
15727 15752 92
15736 15769 275
15756 15770 184
15762 15791 8
15764 15770 28
15764 15786 112
15786 15816 198
15790 15826 175
15806 15825 173
15812 15844 245
15822 15854 63
15849 15855 184
15852 15857 257
15855 15896 295
15863 15868 26
15887 15928 67
15902 15930 159
15925 15953 291
15954 15986 29
15969 16002 63
15992 16016 59
15996 16024 101
16000 16027 110
16019 16065 244
16036 16044 48
16045 16071 48
16048 16079 293
16073 16091 209
16079 16129 118
16086 16115 280
16110 16122 47
16132 16150 177
16147 16186 25
16156 16158 81
16158 16196 263
16160 16188 78
16169 16183 242
16171 16210 151
16176 16212 187
16198 16238 210
16205 16245 235
16205 16241 217
16211 16238 49
16213 16247 38
16229 16234 63
16244 16285 122
16246 16263 101
16260 16272 233
16272 16318 213
16273 16301 234
16289 16335 24
16306 16332 50
16325 16365 247
16348 16363 152
16368 16376 21
16387 16411 81
16393 16443 275
16399 16448 89
16407 16420 268
16410 16432 135
16418 16439 209
16442 16464 134
16456 16482 255
16459 16471 130
16472 16509 111
16491 16502 108
16499 16504 298
16522 16559 187
16549 16596 4
16567 16573 259
16578 16616 193
16581 16587 191
16592 16612 139
16611 16642 79
16634 16662 291
16657 16664 70
16686 16732 81
16704 16721 196
16721 16768 180
16732 16738 231
16733 16774 122
16757 16764 73
16763 16788 171
16780 16784 62
16793 16810 119
16816 16853 74
16830 16873 204
16845 16888 239
16848 16858 33
16862 16890 169
16862 16897 39
16874 16876 64
16898 16942 202
16919 16946 293
16938 16966 86
16941 16964 141
16959 16979 205
16988 17009 210
17005 17038 122
17019 17050 110
17035 17079 46
17056 17075 153
17058 17080 30
17073 17112 14
17073 17084 297
17078 17111 122
17082 17104 75
17095 17109 98
17095 17136 110
17106 17149 294
17125 17160 106
17150 17189 60
17164 17209 27
17172 17179 105
17193 17212 15
17214 17241 38
17231 17262 255
17245 17286 211
17275 17306 54
17299 17349 63
17302 17346 272
17309 17329 35
17332 17336 90
17342 17346 26
17368 17387 295
17391 17412 1
17396 17445 162
17413 17442 132
17431 17443 138
17460 17476 176
17488 17515 171
17488 17489 157
17500 17515 181
17530 17549 275
17543 17565 78
17563 17591 122
17582 17591 241
17590 17628 44
17598 17606 171
17614 17649 281
17643 17650 218
17667 17671 147
17695 17707 185
17710 17751 19
17735 17761 232
17748 17762 187
17751 17793 25
17751 17799 246
17763 17767 147
17772 17802 103
17773 17774 296
17796 17798 84
17797 17813 264
17822 17851 227
17839 17845 153
17851 17897 165
17876 17879 233
17894 17910 44
17895 17927 205
17923 17946 258
17926 17975 224
17931 17938 67
17948 17969 98
17949 17958 104
17968 17994 96
17971 17989 70
17993 18017 280
18019 18041 228
18023 18025 173
18049 18074 291
18069 18107 19
18073 18080 92
18098 18125 110
18117 18154 147
18139 18188 77
18145 18175 94
18152 18173 223
18153 18198 45
18179 18209 38
18201 18246 16
18218 18233 3
18222 18257 210
18234 18245 261
18236 18238 265
18246 18269 204
18254 18265 275
18255 18262 281
18280 18326 218
18305 18310 185
18332 18380 180
18359 18384 11
18366 18387 286
18392 18410 202
18407 18434 85
18410 18429 295
18421 18424 270
18435 18442 165
18457 18468 270
18486 18513 244
18499 18545 77
18506 18532 229
18518 18534 30
18531 18536 31
18561 18601 130
18579 18607 75
18606 18635 39
18616 18653 88
18621 18626 34
18645 18653 123
18649 18676 260
18661 18667 175
18680 18694 7
18696 18738 236
18709 18711 270
18734 18740 102
18737 18748 67
18765 18780 194
18785 18821 150
18811 18842 149
18817 18823 293
18836 18855 7
18861 18909 111
18868 18905 37
18887 18911 64
18914 18943 269
18921 18964 100
18933 18980 273
18936 18973 84
18942 18990 194
18971 19016 155
18981 19012 228
19003 19030 45
19018 19053 298
19020 19062 282
19050 19052 129
19050 19096 67
19059 19101 251
19078 19093 278
19082 19116 286
19093 19114 242
19112 19139 210
19132 19137 224
19154 19190 86
19162 19193 226
19167 19213 180
19193 19196 191
19208 19247 170
19223 19226 240
19226 19264 257
19240 19281 46
19266 19295 190
19271 19315 35
19274 19278 18
19278 19298 9
19293 19310 40
19303 19309 266
19311 19350 103
19327 19337 230
19349 19399 233
19376 19426 259
19405 19434 14
19412 19424 234
19431 19464 149
19436 19480 190
19456 19497 81
19478 19485 293
19483 19515 299
19493 19540 31
19501 19505 44
19516 19563 258
19546 19581 189
19547 19578 250
19570 19618 194
19591 19598 110
19600 19636 125
19627 19635 94
19657 19695 246
19676 19702 9
19694 19723 108
19712 19755 289
19738 19754 271
19745 19757 208
19756 19801 164
19759 19805 14
19766 19782 159
19789 19791 248
19815 19822 48
19836 19847 86
19849 19883 271
19872 19919 224
19891 19930 138
19917 19946 104
19926 19948 225
19930 19954 17
19937 19959 105
19945 19962 35
19949 19986 51
19976 20006 18
19988 19994 3
20015 20065 135
20042 20085 21
20051 20055 140
20057 20070 139
20079 20101 99
20105 20145 49
20115 20130 105
20125 20144 102
20137 20164 239
20153 20155 121
20173 20181 300
20195 20231 53
20199 20223 190
20220 20235 245
20250 20287 253
20257 20294 263
20274 20311 127
20278 20312 69
20306 20335 1
20317 20330 133
20339 20350 257
20345 20391 125
20352 20392 68
20360 20408 210
20381 20411 130
20396 20403 33
20404 20436 90
20424 20468 120
20428 20477 128
20448 20461 98
20458 20471 207
20488 20522 115
20513 20557 195
20518 20538 75
20527 20569 28
20542 20572 254
20569 20583 142
20597 20599 22
20603 20635 166
20605 20614 120
20613 20654 119
20621 20647 249
20627 20661 167
20630 20663 135
20654 20676 11
20667 20685 203
20675 20716 177
20698 20737 274
20711 20761 208
20731 20776 109
20751 20775 135
20776 20818 9
20777 20797 230
20786 20836 245
20797 20825 34
20814 20855 157
20827 20850 212
20827 20841 223
20848 20851 147
20865 20896 146
20879 20910 9
20905 20951 56
20925 20947 101
20945 20974 122
20952 20970 73
20952 20978 48
20973 21006 254
20994 21006 153
21003 21023 67
21012 21054 198
21018 21067 23
21044 21081 105
21065 21094 110
21091 21121 161
21103 21119 211
21122 21156 160
21130 21163 38
21136 21156 214
21151 21185 276
21161 21207 250
21172 21216 77
21202 21212 163
21203 21252 167
21205 21248 51
21208 21244 23
21210 21223 121
21235 21259 185
21247 21259 257
21273 21305 62
21276 21288 208
21286 21313 77
21312 21354 10
21321 21333 73
21340 21365 130
21341 21381 163
21349 21399 177
21370 21374 105
21375 21418 283
21379 21384 27
21397 21431 264
21405 21446 21
21415 21431 239
21443 21471 121
21472 21485 78
21491 21496 294
21497 21535 96
21498 21512 115
21517 21567 159
21533 21561 277
21558 21577 117
21583 21594 156
21587 21619 292
21598 21643 250
21613 21622 65
21636 21642 244
21646 21692 146
21653 21688 225
21661 21662 101
21691 21719 176
21692 21717 231
21693 21707 194
21708 21735 129
21727 21736 212
21756 21798 243
21763 21798 198
21784 21809 155
21785 21814 227
21792 21794 69
21792 21814 110
21810 21856 169
21831 21847 238
21860 21901 200
21862 21905 193
21892 21940 8
21893 21922 213
21907 21929 12
21921 21922 95
21941 21963 122
21968 22017 123
21997 22021 117
22008 22033 154
22035 22083 169
22041 22082 97
22047 22066 157
22068 22111 26
22093 22124 241
22093 22109 106
22117 22167 50
22140 22186 63
22167 22209 173
22175 22204 69
22203 22216 277
22207 22223 278
22224 22266 109
22239 22278 268
22242 22271 271
22244 22290 91
22253 22299 44
22281 22317 289
22282 22287 217
22304 22312 23
22334 22359 214
22356 22398 212
22385 22425 25
22391 22400 100
22406 22454 281
22417 22460 46
22421 22431 88
22434 22449 160
22460 22504 121
22483 22493 238
22486 22497 136
22508 22538 141
22519 22543 84
22542 22586 56
22562 22607 137
22568 22605 257
22592 22607 140
22619 22643 61
22630 22675 232
22630 22651 181
22660 22695 213
22672 22679 54
22699 22720 217
22724 22761 128
22746 22784 115
22752 22775 292
22761 22810 140
22789 22837 109
22811 22838 228
22823 22852 288
22824 22842 25
22836 22856 155
22846 22893 62
22873 22894 293
22885 22923 4
22913 22921 277
22935 22962 119
22960 22972 150
22976 22992 106
22980 23000 26
22981 22985 69
23008 23014 162
23014 23042 32
23027 23033 232
23049 23096 79
23065 23066 290
23091 23099 175
23099 23146 210
23103 23152 153
23126 23138 13
23154 23197 35
23168 23169 299
23173 23222 237
23184 23212 120
23198 23224 238
23216 23253 52
23243 23291 105
23264 23285 68
23270 23302 17
23296 23302 126
23325 23368 111
23346 23396 164
23354 23385 253
23366 23398 43
23369 23387 50
23384 23390 166
23389 23401 46
23419 23428 100
23429 23463 229
23435 23440 96
23439 23458 82
23468 23505 199
23498 23511 236
23519 23521 84
23548 23584 178
23572 23604 79
23583 23619 229
23603 23647 249
23607 23639 125
23611 23628 289
23630 23649 105
23638 23642 288
23661 23704 117
23664 23678 191
23687 23722 25
23688 23691 32
23701 23748 81
23708 23750 128
23710 23749 3
23726 23752 143
23745 23784 96
23774 23791 87
23783 23800 160
23793 23804 279
23817 23821 158
23839 23872 213
23847 23862 148
23856 23869 211
23876 23880 294
23894 23895 169
23921 23966 67
23927 23972 264
23946 23959 72
23955 23979 233
23968 23976 158
23974 23981 180
24001 24029 118
24023 24042 35
24028 24078 48
24049 24051 107
24057 24082 218
24085 24092 200
24109 24131 53
24122 24123 250
24146 24181 15
24147 24197 176
24168 24175 106
24180 24191 250
24202 24231 67
24207 24234 293
24223 24253 106
24246 24255 212
24265 24312 23
24274 24298 259
24299 24342 190
24316 24320 20
24341 24355 145
24349 24360 198
24363 24400 173
24364 24367 150
24390 24436 237
24401 24437 223
24424 24436 266
24443 24493 91
24452 24491 231
24456 24481 198
24485 24510 114
24512 24541 232
24517 24519 190
24539 24560 150
24546 24581 66
24549 24594 244
24567 24568 139
24595 24621 94
24601 24639 254
24630 24652 290
24639 24645 199
24648 24690 25
24671 24704 190
24698 24707 45
24706 24756 294
24719 24754 49
24748 24760 150
24765 24766 153
24780 24789 48
24782 24829 76
24808 24840 45
24813 24849 238
24834 24876 1
24850 24863 61
24872 24914 292
24878 24917 104
24894 24940 139
24912 24937 76
24917 24942 41
24942 24953 64
24967 24969 72
24980 25026 193
24989 25008 236
24998 25025 82
25002 25028 55
25032 25045 87
25049 25062 109
25052 25058 145
25076 25103 204
25098 25101 173
25116 25166 198
25134 25158 173
25138 25151 14
25157 25189 17
25158 25170 280
25184 25192 265
25214 25226 200
25216 25254 97
25238 25285 155
25253 25270 35
25255 25295 264
25281 25285 38
25292 25325 72
25296 25339 204
25324 25373 286
25354 25362 217
25359 25366 216
25360 25406 45
25370 25376 130
25390 25405 243
25400 25412 183
25405 25433 44
25413 25426 178
25428 25455 23
25439 25461 9
25447 25458 39
25457 25504 282
25464 25503 284
25470 25506 81
25500 25534 96
25518 25541 243
25543 25583 206
25570 25617 36
25573 25586 125
25600 25602 63
25620 25654 21
25647 25676 126
25669 25677 197
25675 25680 66
25676 25682 240
25697 25719 228
25717 25758 87
25745 25785 286
25771 25786 149
25771 25807 176
25799 25842 34
25811 25827 284
25827 25858 219
25851 25860 112
25861 25907 129
25876 25899 58
25891 25938 167
25902 25931 54
25916 25928 39
25929 25968 70
25939 25948 65
25961 25963 108
25976 25993 136
25985 26014 227
26002 26044 47
26012 26024 63
26021 26055 206
26025 26042 22
26036 26061 129
26040 26071 76
26062 26072 131
26085 26086 295
26115 26149 133
26134 26154 188
26159 26201 191
26175 26216 46
26204 26239 61
26218 26258 25
26232 26279 50
26248 26258 203
26256 26303 299
26265 26307 281
26282 26322 211
26311 26323 99
26327 26373 288
26333 26374 50
26357 26381 19
26363 26406 82
26367 26381 246
26391 26427 36
26400 26414 137
26415 26457 30
26429 26474 256
26449 26479 16
26474 26493 163
26487 26488 231
26488 26507 139
26488 26525 252
26509 26521 191
26532 26544 53
26545 26568 35
26555 26580 214
26572 26620 168
26584 26631 48
26599 26626 212
26604 26609 286
26605 26632 283
26621 26628 218
26637 26669 241
26644 26654 191
26657 26701 250
26662 26708 151
26679 26716 167
26692 26729 285
26721 26759 288
26726 26730 253
26753 26765 252
26780 26807 85
26804 26805 55
26825 26829 17
26840 26847 13
26865 26867 286
26870 26913 106
26873 26904 273
26874 26915 84
26891 26909 215
26911 26927 135
26915 26925 57
26933 26934 184
26950 26997 259
26979 26992 74
26996 27019 216
27014 27016 58
27027 27066 251
27053 27094 274
27077 27095 61
27094 27122 229
27117 27152 246
27135 27161 96
27136 27141 168
27145 27149 191
27165 27176 171
27166 27176 186
27191 27227 196
27209 27225 134
27236 27278 97
27266 27316 21
27283 27294 213
27311 27322 259
27331 27364 68
27354 27361 132
27365 27406 122
27368 27385 185
27377 27412 245
27395 27399 187
27396 27413 259
27424 27453 128
27436 27486 249
27440 27484 255
27443 27472 41
27459 27475 39
27481 27517 112
27507 27552 44
27513 27563 6
27514 27519 8
27528 27571 274
27535 27550 265
27565 27586 163
27587 27589 5
27612 27627 267
27622 27624 198
27647 27652 99
27668 27688 189
27698 27733 240
27700 27713 101
27725 27763 63
27754 27767 206
27769 27804 86
27793 27801 201
27802 27847 42
27806 27831 40
27813 27846 232
27836 27886 81
27836 27849 110
27845 27894 245
27856 27904 287
27865 27911 25
27883 27926 89
27911 27958 252
27926 27946 208
27934 27944 13
27959 27979 159
27964 28004 33
27973 27981 244
27988 28008 76
28003 28015 185
28017 28027 51
28030 28036 118
28039 28042 31
28045 28072 52
28073 28117 234
28073 28113 68
28082 28121 170
28098 28107 11
28119 28139 19
28139 28160 115
28163 28174 282
28168 28178 96
28188 28221 79
28210 28238 245
28232 28277 95
28239 28247 216
28266 28267 29
28277 28287 20
28302 28331 22
28325 28370 84
28346 28367 120
28372 28394 150
28401 28414 165
28422 28429 246
28442 28453 208
28470 28499 33
28493 28502 134
28494 28520 211
28516 28529 126
28546 28548 184
28576 28599 159
28600 28626 182
28618 28620 262
28644 28663 44
28671 28690 119
28683 28718 141
28711 28713 183
28723 28741 17
28727 28739 255
28739 28760 211
28762 28793 276
28791 28802 98
28820 28845 112
28834 28857 30
28864 28890 118
28887 28936 15
28908 28958 222
28926 28975 229
28936 28968 289
28959 28999 297
28965 29014 18
28987 28994 191
29009 29048 249
29015 29050 264
29024 29030 283
29031 29041 245
29037 29050 151
29043 29048 27
29059 29084 130
29087 29116 103
29093 29135 175
29102 29128 37
29130 29170 291
29133 29167 121
29137 29143 130
29146 29179 284
29163 29209 9
29187 29234 167
29217 29255 104
29244 29282 134
29255 29298 26
29274 29311 69
29280 29281 51
29304 29331 10
29304 29330 241
29307 29348 141
29320 29334 15
29336 29367 241
29358 29373 281
29381 29397 7
29392 29431 102
29411 29456 130
29415 29458 72
29430 29445 129
29460 29498 153
29464 29509 147
29481 29526 188
29505 29551 161
29530 29531 286
29555 29588 243
29555 29569 129
29564 29572 168
29580 29602 45
29586 29614 54
29599 29605 192
29603 29611 225
29624 29641 298
29637 29682 186
29650 29679 170
29671 29711 273
29696 29705 251
29715 29728 260
29728 29744 125
29756 29804 143
29764 29790 255
29770 29813 196
29784 29817 196
29795 29837 62
29799 29801 132
29800 29826 107
29816 29838 119
29844 29860 178
29846 29862 126
29847 29877 246
29857 29902 256
29877 29926 112
29877 29878 11
29879 29911 247
29904 29935 83
29926 29947 285
29926 29938 252
29927 29946 245
29944 29960 273
29968 29982 64
29983 30028 250
30012 30038 276
30023 30039 196
30037 30070 153
30044 30080 238
30048 30069 132
30076 30126 176
30102 30141 225
30125 30133 187
30147 30188 182
30164 30173 276
30173 30178 79
30198 30226 111
30211 30250 138
30213 30246 60
30218 30253 132
30237 30247 102
30255 30303 43
30272 30287 80
30282 30303 253
30307 30318 251
30336 30372 71
30358 30368 150
30362 30367 196
30386 30414 133
30399 30442 73
30411 30421 292
30422 30443 28
30447 30483 141
30457 30495 201
30458 30487 156
30459 30496 87
30468 30501 86
30469 30501 187
30483 30506 160
30509 30538 187
30532 30539 93
30556 30588 105
30565 30605 4
30568 30570 69
30595 30608 89
30624 30673 186
30649 30681 149
30657 30681 266
30675 30723 158
30698 30732 110
30725 30752 241
30755 30787 178
30785 30791 268
30808 30817 258
30815 30842 183
30822 30865 82
30849 30851 214
30849 30895 11
30852 30888 148
30880 30882 46
30906 30910 163
30910 30950 148
30923 30937 141
30928 30937 75
30955 30982 54
30958 30977 50
30973 31009 200
30983 30996 173
31001 31022 295
31011 31032 114
31015 31038 248
31026 31070 236
31033 31048 284
31033 31041 114
31061 31102 245
31082 31083 288
31084 31088 262
31113 31153 143
31125 31150 36
31137 31153 16
31152 31191 238
31171 31192 182
31197 31235 26
31206 31242 221
31224 31225 155
31232 31274 34
31245 31251 142
31269 31295 297
31283 31325 169
31311 31322 134
31314 31318 88
31334 31346 60
31356 31377 9
31359 31394 21
31362 31378 47
31371 31402 148
31375 31410 146
31403 31442 188
31415 31429 150
31441 31457 208
31442 31466 28
31454 31473 289
31458 31489 87
31473 31480 23
31481 31528 245
31487 31498 102
31498 31512 234
31503 31517 82
31511 31535 164
31528 31576 275
31553 31602 229
31562 31587 27
31570 31576 234
31571 31581 186
31600 31619 245
31604 31626 74
31618 31664 145
31645 31651 11
31669 31688 157
31682 31720 7
31701 31715 239
31701 31743 48
31702 31723 19
31722 31739 121
31738 31769 209
31752 31788 197
31758 31793 235
31775 31799 151
31794 31817 213
31820 31821 227
31828 31836 235
31846 31866 109
31865 31877 291
31889 31907 42
31900 31920 210
31923 31972 199
31924 31948 81
31932 31976 157
31959 32001 101
31967 31971 8
31990 32003 256
31996 32015 287
31999 32012 222
32016 32022 248
32039 32053 241
32046 32050 47
32053 32081 46
32080 32096 252
32098 32116 254
32099 32106 161
32117 32143 284
32147 32156 62
32177 32195 110
32198 32201 143
32198 32245 140
32226 32274 185
32255 32289 247
32256 32258 95
32268 32269 250
32292 32314 190
32320 32335 141
32348 32378 56
32364 32393 215
32383 32408 95
32390 32420 191
32414 32464 20
32418 32424 39
32431 32437 144
32442 32447 40
32458 32508 250
32487 32501 169
32503 32519 212
32530 32533 94
32537 32550 289
32566 32578 228
32593 32610 206
32595 32599 287
32611 32631 123
32627 32657 74
32630 32653 202
32644 32665 248
32672 32692 192
32696 32698 65
32723 32757 8
32751 32779 78
32758 32770 34
32766 32806 47
32788 32838 196
32803 32818 254
32820 32825 257
32837 32883 97
32862 32896 299
32889 32912 239
32911 32957 23
32937 32965 65
32953 32991 266
32961 32968 250
32989 33024 278
33014 33043 197
33036 33065 119
33036 33048 22
33041 33089 294
33067 33093 136
33073 33106 59
33085 33124 104
33090 33132 148
33103 33107 98
33123 33152 120
33128 33152 189
33135 33177 133
33145 33183 73
33162 33177 92
33185 33234 250
33191 33209 45
33213 33253 124
33233 33265 114
33241 33255 208
33252 33293 143
33274 33282 162
33288 33292 252
33314 33362 85
33343 33357 268
33354 33397 89
33376 33401 169
33379 33404 209
33381 33398 110
33394 33412 228
33422 33438 223
33445 33483 287
33446 33467 29
33451 33462 219
33456 33493 285
33479 33497 217
33509 33559 78
33537 33556 158
33539 33574 153
33564 33607 284
33592 33599 56
33600 33620 17
33604 33636 200
33628 33666 161
33631 33632 243
33655 33701 99
33679 33704 211
33687 33688 91
33711 33744 107
33723 33737 5
33742 33774 72
33749 33750 265
33766 33786 75
33766 33770 59
33781 33803 118
33794 33825 220
33797 33825 189
33803 33846 169
33833 33867 112
33835 33856 230
33848 33895 160
33867 33912 209
33872 33893 97
33894 33934 262
33911 33918 46
33921 33939 40
33939 33943 272
33966 34007 294
33992 34025 204
34019 34022 235
34034 34077 287
34057 34102 266
34087 34116 7
34095 34140 20
34108 34147 117
34108 34151 260
34138 34153 61
34142 34167 265
34161 34199 4
34166 34192 75
34187 34234 85
34215 34222 148
34231 34241 205
34254 34270 278
34257 34300 78
34273 34288 138
34274 34300 165
34292 34314 280
34293 34318 165
34300 34346 35
34313 34335 55
34327 34340 158
34334 34358 116
34364 34368 218
34374 34393 299
34395 34416 145
34398 34400 82
34422 34466 168
34441 34452 277
34459 34462 156
34472 34500 226
34481 34517 22
34496 34499 126
34499 34516 282
34507 34521 68
34534 34566 236
34545 34582 230
34549 34595 121
34561 34608 58
34561 34602 72
34577 34618 85
34602 34617 116
34628 34662 197
34636 34659 86
34665 34694 57
34675 34685 140
34703 34742 247
34722 34733 265
34752 34760 66
34759 34803 234
34782 34800 293
34791 34840 245
34821 34838 75
34839 34852 215
34840 34879 288
34845 34887 293
34874 34917 230
34879 34891 134
34906 34941 48
34929 34961 272
34935 34985 81
34961 35004 144
34974 35008 65
34977 35004 20
35005 35040 63
35009 35028 96
35022 35057 141
35051 35053 35
35058 35078 234
35088 35127 241
35098 35121 25
35113 35116 183
35122 35143 218
35141 35191 95
35155 35184 237
35168 35210 132
35190 35209 76
35207 35212 177
35218 35255 84
35247 35255 158
35273 35309 189
35301 35317 265
35314 35322 39
35343 35386 132
35355 35381 106
35381 35398 166
35389 35415 237
35411 35453 200
35433 35462 165
35457 35484 199
35477 35518 182
35485 35526 238
35505 35552 36
35535 35553 141
35555 35597 199
35571 35594 36
35576 35584 17
35589 35632 8
35596 35632 266
35611 35640 187
35632 35633 172
35632 35680 141
35637 35673 129
35666 35685 270
35666 35682 298
35688 35722 164
35693 35697 249
35694 35733 161
35705 35735 117
35725 35761 131
35728 35733 226
35731 35736 190
35733 35783 255
35754 35761 204
35766 35781 194
35796 35807 250
35801 35842 64
35808 35813 225
35815 35816 207
35823 35828 297
35846 35859 204
35855 35887 105
35863 35902 221
35887 35929 231
35913 35950 34
35922 35962 79
35927 35965 280
35932 35936 220
35939 35969 17
35943 35979 198
35970 35975 265
35999 36013 191
36009 36018 247
36037 36065 31
36066 36088 259
36084 36089 2
36086 36092 294
36110 36116 214
36111 36135 175
36123 36151 132
36143 36192 21
36152 36187 169
36176 36194 45
36205 36218 103
36224 36238 135
36253 36278 229
36267 36280 23
36287 36317 40
36287 36290 254
36314 36325 293
36319 36341 58
36321 36357 134
36326 36338 59
36336 36384 260
36344 36352 247
36358 36408 26
36371 36412 224
36396 36438 180
36404 36412 290
36405 36442 279
36435 36455 21
36449 36454 197
36451 36496 12
36469 36511 116
36483 36484 243
36496 36499 193
36516 36525 254
36517 36550 56
36521 36569 222
36529 36536 300
36534 36575 127
36554 36600 124
36581 36620 216
36586 36620 178
36596 36618 82
36608 36648 287
36615 36628 190
36615 36623 263
36626 36657 262
36653 36697 133
36655 36704 54
36679 36719 24
36692 36729 283
36700 36705 136
36717 36741 221
36737 36762 59
36761 36766 208
36764 36795 197
36776 36799 271
36787 36790 54
36797 36800 24
36806 36809 273
36812 36826 231
36818 36831 65
36825 36874 117
36849 36851 103
36854 36890 254
36863 36899 212
36882 36912 218
36893 36940 131
36898 36938 115
36899 36944 205
36899 36948 9
36911 36928 181
36923 36927 237
36927 36940 268
36948 36961 3
36956 36977 22
36986 37034 149
36989 37036 119
37012 37040 244
37018 37025 251
37047 37082 67
37071 37098 11
37071 37119 74
37084 37127 258
37088 37131 24
37091 37126 159
37120 37150 7
37132 37169 263
37162 37183 4
37165 37198 57
37169 37207 91
37172 37206 277
37180 37198 248
37187 37189 10
37213 37247 140
37236 37253 122
37249 37267 103
37251 37264 288
37264 37301 109
37277 37290 224
37291 37307 47
37306 37334 254
37314 37328 248
37334 37345 122
37339 37377 174
37369 37384 114
37395 37425 17
37406 37443 90
37419 37455 37
37419 37440 130
37431 37432 231
37459 37486 134
37459 37504 34
37480 37501 160
37498 37533 28
37505 37506 76
37531 37554 49
37545 37566 47
37570 37610 249
37571 37583 187
37601 37616 183
37619 37636 136
37628 37639 194
37654 37700 61
37672 37677 249
37687 37714 98
37701 37720 52
37720 37770 114
37729 37738 22
37742 37760 20
37764 37765 149
37778 37819 234
37781 37793 121
37793 37838 142
37793 37794 117
37817 37856 178
37840 37846 165
37855 37901 160
37872 37890 83
37889 37933 150
37899 37938 108
37917 37967 82
37917 37930 8
37921 37934 49
37951 37987 219
37958 38007 194
37977 38027 268
37991 37993 170
38014 38032 63
38041 38054 257
38049 38088 174
38077 38103 222
38081 38087 174
38094 38109 230
38123 38172 163
38137 38172 278
38146 38194 61
38168 38181 136
38170 38217 167
38171 38184 85
38199 38218 148
38199 38221 44
38199 38242 274
38210 38260 49
38232 38281 102
38237 38267 255
38255 38270 10
38262 38283 202
38273 38310 124
38277 38293 239
38291 38313 15
38315 38350 56
38345 38392 267
38345 38362 124
38357 38367 116
38370 38372 294
38381 38417 112
38404 38434 241
38415 38458 293
38428 38465 11
38432 38452 281
38434 38464 254
38447 38483 178
38466 38489 28
38483 38500 253
38512 38553 94
38536 38583 87
38547 38562 102
38562 38568 87
38576 38610 284
38597 38633 70
38624 38626 67
38629 38655 282
38643 38644 255
38673 38697 285
38691 38694 270
38712 38746 192
38734 38741 54
38753 38789 130
38755 38758 207
38780 38790 82
38786 38791 89
38789 38818 180
38802 38819 263
38826 38842 185
38841 38889 274
38863 38907 30
38874 38905 222
38889 38931 150
38912 38922 134
38927 38938 221
38938 38964 46
38953 38975 148
38961 38985 126
38978 38984 10
38998 39025 208
39014 39031 207
39029 39075 98
39046 39088 227
39051 39052 107
39067 39073 113
39086 39090 12
39104 39154 87
39107 39127 113
39125 39149 99
39137 39163 234
39155 39160 216
39184 39185 186
39202 39205 182
39226 39265 131
39233 39260 53
39250 39282 146
39272 39312 119
39301 39334 114
39302 39343 106
39326 39369 67
39344 39379 136
39351 39377 237
39371 39420 175
39378 39418 119
39407 39422 198
39407 39454 166
39420 39448 156
39421 39428 105
39430 39439 109
39432 39443 277
39456 39458 117
39481 39508 251
39483 39523 39
39483 39487 109
39500 39524 175
39504 39516 196
39515 39522 163
39516 39550 184
39521 39540 229
39539 39587 167
39548 39551 141
39555 39579 277
39560 39594 213
39575 39583 188
39592 39620 112
39597 39618 159
39606 39648 218
39633 39668 263
39639 39655 265
39659 39661 59
39680 39715 135
39688 39709 108
39696 39739 276
39706 39731 86
39735 39754 104
39755 39789 144
39760 39794 28
39777 39807 133
39791 39830 253
39805 39823 234
39835 39865 13
39836 39882 217
39841 39860 200
39859 39892 159
39859 39870 220
39879 39901 78
39896 39937 218
39920 39940 139
39948 39995 274
39959 39979 105
39972 40013 203
39973 40008 139
39988 40015 40
40001 40008 140
40003 40042 128
40026 40031 125
40046 40066 46
40071 40104 203
40097 40134 29
40107 40144 36
40122 40152 239
40144 40182 41
40160 40190 153
40185 40194 294
40208 40230 235
40221 40230 169
40233 40250 99
40246 40259 64
40271 40304 183
40287 40311 195
40299 40302 214
40300 40304 165
40316 40356 75
40328 40348 101
40338 40353 208
40345 40377 148
40371 40397 142
40387 40431 238
40411 40423 238
40413 40453 211
40427 40456 284
40453 40475 82
40460 40483 138
40478 40510 86
40508 40533 83
40514 40526 180
40535 40574 263
40535 40542 168
40542 40573 53
40557 40566 209
40579 40606 190
40584 40590 257
40608 40653 46
40614 40657 206
40625 40670 30
40630 40668 38
40654 40678 300
40681 40686 149
40683 40696 109
40691 40731 143
40701 40738 279
40701 40751 52
40705 40743 105
40727 40774 175
40727 40760 223
40757 40764 180
40776 40797 228
40793 40804 24
40819 40860 136
40819 40823 31
40827 40854 275
40835 40841 174
40840 40889 96
40848 40886 125
40867 40891 257
40880 40922 154
40880 40927 80
40903 40919 34
40915 40939 228
40919 40923 89
40926 40959 126
40952 40969 183
40953 40990 230
40970 40996 9
40980 40994 43
40993 41027 267
41011 41013 252
41012 41059 96
41013 41018 267
41015 41022 271
41020 41040 43
41028 41042 22
41034 41046 197
41043 41069 270
41051 41056 276
41078 41124 214
41097 41125 106
41111 41136 94
41122 41168 24
41148 41188 48
41167 41185 288
41186 41223 108
41208 41256 292
41237 41274 40
41237 41240 172
41243 41285 22
41249 41295 278
41253 41265 264
41261 41300 212
41268 41291 149
41277 41300 32
41305 41309 295
41334 41345 179
41351 41382 125
41380 41430 55
41405 41410 48
41411 41435 223
41423 41436 70
41447 41449 253
41476 41496 29
41481 41512 147
41482 41519 175
41501 41533 236
41520 41538 132
41531 41578 90
41553 41598 186
41582 41614 196
41587 41595 100
41591 41630 269
41592 41627 160
41610 41655 191
41619 41632 107
41642 41681 59
41667 41670 261
41697 41708 175
41700 41724 80
41703 41745 118
41722 41750 169
41742 41747 37
41756 41773 167
41761 41783 183
41789 41829 96
41792 41832 258
41811 41841 158
41840 41871 24
41857 41861 169
41860 41866 37
41870 41901 83
41896 41905 259
41906 41933 3
41933 41961 263
41948 41987 100
41958 41970 6
41961 41985 1
41963 42008 3
41967 42007 143
41978 41982 23
42004 42036 48
42032 42055 37
42038 42079 259
42040 42073 131
42043 42053 155
42050 42088 31
42060 42087 216
42068 42113 235
42088 42120 55
42106 42142 107
42125 42167 243
42125 42148 11
42125 42137 270
42130 42132 76
42158 42205 224
42173 42194 57
42186 42200 37
42188 42196 183
42209 42247 282
42235 42239 147
42247 42267 52
42252 42302 159
42252 42285 204
42261 42306 253
42264 42310 32
42283 42294 92
42309 42311 195
42326 42373 28
42331 42342 283
42353 42378 103
42361 42399 200
42386 42393 250
42396 42444 209
42407 42433 85
42434 42440 274
42462 42492 234
42477 42527 132
42484 42506 186
42514 42527 269
42526 42559 254
42538 42543 284
42555 42571 15
42563 42598 24
42589 42612 29
42591 42626 257
42594 42634 62
42600 42630 211
42626 42672 87
42648 42670 99
42652 42654 129
42679 42693 39
42684 42714 177
42701 42706 219
42722 42763 234
42743 42760 27
42751 42758 139
42770 42777 191
42795 42808 44
42804 42847 131
42833 42868 129
42834 42846 196
42842 42848 149
42850 42875 17
42853 42889 200
42878 42908 75
42907 42940 182
42934 42979 211
42944 42988 66
42968 43011 38
42987 43021 171
43011 43027 163
43031 43060 95
43046 43079 44
43061 43095 183
43070 43097 124
43092 43132 256
43121 43124 294
43138 43180 229
43149 43171 264
43161 43202 181
43181 43215 137
43208 43216 88
43216 43223 98
43244 43271 78
43259 43262 245
43288 43329 196
43297 43331 97
43309 43346 271
43316 43331 13
43333 43348 224
43336 43363 278
43366 43400 215
43369 43398 64
43369 43372 192
43389 43423 292
43416 43430 278
43424 43427 155
43443 43450 201
43470 43513 77
43478 43505 124
43483 43490 285
43507 43550 56
43516 43525 202
43534 43539 199
43544 43567 106
43552 43565 49
43564 43599 27
43581 43605 112
43604 43634 140
43623 43644 213
43648 43693 15
43667 43677 192
43685 43720 235
43690 43697 70
43696 43740 135
43721 43732 210
43738 43783 291
43741 43751 227
43770 43787 191
43785 43810 273
43809 43852 119
43838 43879 270
43864 43901 192
43885 43930 97
43906 43926 40
43922 43941 251
43951 43964 69
43956 43988 271
43957 43983 67
43962 43974 190
43987 44014 66
44008 44042 15
44035 44064 104
44040 44068 130
44069 44070 104
44075 44095 276
44084 44109 159
44114 44164 69
44142 44179 82
44144 44157 70
44162 44200 231
44169 44193 193
44188 44191 278
44214 44264 55
44222 44237 25
44234 44277 295
44245 44280 43
44259 44276 88
44262 44298 138
44280 44303 160
44291 44339 290
44301 44302 221
44324 44370 222
44351 44365 70
44374 44395 99
44378 44388 54
44396 44441 290
44426 44433 214
44439 44467 118
44458 44489 32
44466 44482 156
44470 44512 6
44483 44515 38
44503 44529 32
44521 44561 135
44542 44575 25
44548 44556 167
44576 44586 249
44602 44626 250
44608 44653 264
44623 44636 134
44645 44663 96
44660 44664 173
44681 44693 35
44682 44710 104
44706 44709 181
44708 44713 179
44736 44782 91
44751 44784 45
44766 44773 226
44779 44818 26
44799 44809 101
44800 44846 163
44826 44863 33
44855 44872 219
44865 44893 100
44886 44890 168
44902 44934 281
44932 44939 70
44935 44939 219
44950 44965 152
44979 45019 164
44998 45014 71
45010 45024 67
45028 45043 223
45049 45095 40
45049 45075 143
45077 45081 8
45083 45089 55
45099 45137 130
45107 45148 123
45124 45150 184
45129 45166 28
45159 45164 19
45177 45189 154
45191 45238 250
45218 45262 198
45241 45277 222
45259 45270 11
45272 45285 6
45298 45309 104
45302 45330 273
45318 45320 199
45325 45375 185
45342 45348 288
45355 45372 106
45370 45398 258
45385 45431 147
45390 45437 152
45397 45426 185
45419 45421 165
45440 45456 78
45463 45511 263
45477 45499 115
45499 45514 291
45512 45552 254
45531 45538 124
45537 45552 274
45549 45586 244
45564 45604 259
45589 45630 242
45605 45653 10
45617 45655 23
45642 45658 182
45646 45656 266
45662 45688 295
45679 45692 58
45698 45728 49
45703 45746 58
45728 45774 211
45734 45782 183
45763 45802 179
45774 45784 5
45796 45839 132
45808 45850 206
45838 45855 279
45859 45878 239
45864 45908 256
45890 45922 220
45904 45931 65
45922 45957 223
45938 45966 284
45964 45993 142
45966 45993 101
45973 46001 198
45983 45986 228
46003 46036 276
46013 46025 175
46027 46053 291
46047 46053 34
46053 46101 72
46060 46084 296
46089 46124 9
46089 46101 193
46095 46138 267
46120 46163 170
46130 46146 165
46153 46175 253
46170 46175 40
46183 46233 113
46183 46197 18
46195 46212 67
46218 46261 215
46235 46260 89
46243 46285 16
46267 46313 94
46269 46284 121
46294 46322 110
46295 46312 157
46321 46346 288
46349 46363 21
46377 46380 26
46391 46434 258
46402 46407 88
46430 46468 76
46455 46481 77
46465 46476 211
46481 46512 225
46494 46521 47
46520 46545 290
46521 46540 269
46538 46547 195
46568 46601 161
46580 46601 91
46584 46626 31
46587 46610 129
46593 46643 7
46602 46629 226
46618 46662 274
46637 46670 122
46657 46687 66
46659 46682 99
46680 46700 136
46694 46733 56
46711 46730 153
46717 46757 234
46746 46754 240
46766 46797 172
46782 46814 31
46789 46824 192
46806 46807 131
46813 46846 216
46831 46844 44
46835 46839 278
46842 46843 211
46871 46897 157
46886 46910 129
46909 46935 144
46937 46967 108
46955 46980 119
46964 47000 54
46965 46976 147
46965 46977 60
46971 46992 283
47000 47032 119
47009 47057 183
47015 47026 243
47027 47076 80
47045 47059 94
47074 47107 40
47084 47133 227
47089 47106 266
47104 47140 84
47128 47146 143
47152 47167 116
47178 47200 285
47192 47242 201
47193 47221 292
47215 47234 189
47233 47242 238
47253 47281 179
47282 47309 292
47310 47339 45
47325 47361 78
47355 47377 29
47366 47405 252
47390 47431 89
47397 47416 215
47419 47432 57
47444 47491 274
47459 47481 296
47484 47514 134
47506 47546 41
47533 47581 140
47559 47579 228
47587 47609 236
47611 47654 299
47641 47655 191
47641 47671 153
47660 47672 4
47665 47711 274
47677 47721 76
47692 47694 76
47699 47712 233
47713 47760 82
47716 47758 159
47741 47779 190
47769 47815 274
47776 47803 237
47795 47806 211
47797 47847 199
47807 47812 300
47819 47838 199
47841 47856 235
47869 47909 267
47872 47897 99
47898 47923 193
47921 47970 145
47921 47961 113
47929 47932 132
47935 47956 217
47942 47971 165
47956 48003 123
47965 47972 100
47973 47994 155
47978 48005 193
48002 48020 124
48025 48035 96
48038 48069 44
48068 48090 260
48089 48126 65
48108 48148 216
48112 48119 17
48141 48149 140
48157 48207 54
48160 48198 238
48164 48210 98
48185 48208 264
48190 48198 25
48209 48217 228
48218 48250 237
48248 48278 249
48272 48303 249
48292 48317 265
48322 48325 146
48351 48363 112
48370 48388 22
48388 48436 82
48391 48405 69
48400 48414 127
48415 48454 287
48445 48479 14
48473 48512 292
48490 48523 5
48508 48533 244
48518 48533 194
48539 48589 119
48558 48595 98
48580 48591 49
48599 48621 227
48626 48646 260
48653 48660 219
48657 48676 151
48680 48717 247
48691 48733 198
48706 48726 200
48725 48764 266
48738 48757 180
48758 48798 12
48758 48779 281
48772 48806 128
48784 48833 112
48814 48824 223
48829 48836 124
48829 48835 296
48840 48846 56
48853 48876 100
48853 48872 180
48870 48886 254
48884 48889 273
48910 48940 162
48923 48952 117
48931 48974 8
48961 48983 75
48965 48987 80
48985 49004 279
49014 49037 114
49035 49070 207
49063 49071 46
49066 49070 124
49080 49124 76
49096 49109 257
49108 49143 35
49115 49159 172
49139 49154 142
49153 49156 21
49157 49203 46
49178 49217 121
49192 49242 186
49209 49259 299
49224 49228 121
49231 49258 62
49234 49244 55
49237 49249 185
49255 49266 44
49258 49276 14
49277 49314 138
49297 49321 58
49316 49341 274
49328 49338 265
49353 49374 70
49367 49401 231
49389 49415 88
49415 49456 129
49438 49467 83
49444 49450 270
49449 49498 288
49479 49529 183
49498 49540 5
49524 49553 127
49539 49546 14
49549 49560 33
49572 49599 20
49587 49589 155
49589 49635 52
49597 49647 110
49613 49653 231
49628 49659 168
49633 49648 160
49641 49688 207
49655 49658 187
49677 49698 59
49688 49702 127
49700 49727 47
49712 49755 106
49722 49742 155
49730 49742 12
49732 49774 83
49734 49753 25
49736 49769 295
49744 49767 46
49753 49759 296
49769 49795 100
49797 49847 197
49806 49807 128
49832 49878 134
49859 49909 252
49887 49930 121
49897 49945 9
49917 49946 278
49933 49954 203
49951 49960 189
49959 49996 9
49959 50001 279
49975 50007 205
50004 50018 277
50006 50051 15
50022 50036 195
50022 50048 27
50034 50043 43
50053 50066 59
50060 50087 61
50090 50112 209
50094 50142 104
50118 50150 208
50144 50160 185
50151 50196 121
50156 50161 261
50185 50234 69
50213 50246 35
50236 50281 103
50248 50273 56
50275 50285 194
50300 50316 217
50302 50335 59
50311 50325 115
50335 50343 190
50363 50365 23
50383 50390 203
50399 50429 41
50402 50424 196
50419 50456 223
50438 50445 249
50452 50455 230
50462 50498 262
50463 50499 115
50484 50494 2
50495 50529 222
50504 50527 55
50509 50523 65
50539 50558 217
50564 50586 166
50589 50627 165
50598 50630 169
50626 50667 289
50651 50673 93
50654 50683 57
50668 50671 93
50683 50705 206
50713 50753 252
50726 50768 145
50745 50749 119
50746 50756 134
50763 50805 269
50792 50818 61
50803 50828 141
50814 50855 297
50841 50869 143
50853 50899 66
50871 50921 250
50878 50898 158
50908 50938 112
50924 50939 136
50953 50995 19
50968 51012 222
50977 50990 242
50985 51004 150
51013 51025 14
51033 51043 145
51042 51043 121
51051 51064 73
51062 51088 194
51086 51115 76
51092 51093 64
51104 51144 161
51123 51134 275
51152 51156 146
51179 51204 253
51186 51204 37
51190 51212 116
51193 51211 289
51212 51214 294
51227 51259 216
51242 51287 262
51265 51315 277
51281 51315 170
51296 51346 294
51296 51297 70
51311 51358 277
51312 51350 289
51320 51359 27
51342 51355 54
51356 51358 274
51359 51376 234
51364 51385 98
51386 51413 160
51415 51453 10
51431 51465 18
51442 51473 106
51448 51482 160
51477 51518 300
51478 51516 82
51493 51507 157
51499 51501 115
51502 51536 50
51523 51549 246
51539 51544 109
51554 51577 58
51570 51585 8
51591 51638 216
51598 51617 42
51609 51637 175
51609 51658 38
51609 51622 152
51639 51679 146
51644 51688 3
51644 51687 185
51662 51688 206
51680 51693 209
51682 51717 201
51708 51753 158
51728 51751 165
51755 51783 122
51778 51807 265
51793 51807 174
51796 51822 220
51820 51825 268
51838 51840 186
51862 51903 156
51890 51922 2
51899 51934 143
51920 51960 39
51946 51991 199
51971 51976 80
51994 52006 290
51994 52010 15
51999 52034 202
52013 52021 84
52014 52020 93
52034 52036 190
52052 52092 93
52069 52095 251
52075 52104 128
52101 52141 188
52128 52136 70
52155 52164 82
52165 52202 298
52178 52223 56
52199 52248 280
52221 52240 220
52247 52270 286
52274 52314 169
52278 52290 216
52296 52335 195
52312 52323 116
52328 52367 9
52344 52352 8
52351 52383 251
52358 52397 153
52363 52382 81
52367 52392 31
52367 52395 287
52378 52391 141
52391 52441 223
52416 52432 255
52439 52473 78
52453 52503 269
52461 52500 221
52473 52483 157
52481 52499 144
52481 52498 237
52496 52534 166
52510 52531 94
52539 52556 202
52553 52556 124
52565 52577 115
52576 52593 246
52578 52625 39
52608 52636 22
52626 52631 192
52651 52665 288
52671 52706 60
52681 52713 26
52705 52706 149
52735 52750 40
52758 52761 229
52766 52781 142
52792 52798 21
52795 52818 122
52808 52844 160
52817 52848 59
52836 52848 37
52839 52880 184
52842 52877 253
52872 52896 294
52896 52919 77
52909 52923 201
52934 52972 131
52938 52961 187
52953 52974 219
52968 52999 131
52978 52988 1
52991 53009 208
52996 53015 110
53017 53024 171
53029 53041 51
53041 53058 271
53052 53095 128
53068 53097 242
53077 53083 75
53081 53116 202
53099 53135 77
53124 53138 4
53125 53151 260
53135 53141 30
53159 53188 119
53184 53202 158
53202 53206 42
53223 53248 151
53224 53269 265
53229 53266 179
53234 53278 251
53261 53293 54
53276 53291 300
53291 53311 254
53321 53344 273
53324 53360 46
53332 53356 251
53355 53359 157
53369 53370 6
53381 53399 260
53404 53443 43
53423 53443 38
53440 53451 40
53443 53455 227
53466 53478 214
53481 53500 83
53507 53551 220
53519 53557 187
53549 53587 155
53561 53569 107
53581 53605 19
53592 53600 55
53607 53648 117
53619 53669 270
53640 53669 17
53658 53665 231
53679 53706 53
53705 53712 162
53720 53723 11
53724 53728 229
53740 53741 106
53754 53761 280
53774 53819 7
53784 53801 265
53787 53816 114
53807 53818 159
53829 53865 178
53849 53891 165
53866 53901 237
53884 53912 197
53905 53943 278
53915 53930 213
53919 53947 144
53946 53959 290
53969 54009 9
53976 53991 126
53997 54008 98
54014 54020 73
54014 54030 261
54021 54042 139
54051 54090 95
54064 54073 176
54080 54107 253
54086 54112 127
54108 54128 223
54125 54148 155
54147 54177 224
54169 54214 179
54197 54217 275
54224 54259 117
54237 54248 46
54244 54261 186
54267 54293 80
54284 54289 25
54305 54336 158
54315 54340 105
54336 54379 292
54352 54387 268
54376 54424 97
54387 54415 298
54410 54420 94
54427 54438 32
54445 54478 209
54447 54474 231
54477 54484 47
54504 54553 151
54514 54538 126
54540 54564 271
54552 54596 114
54568 54586 254
54593 54614 250
54601 54638 149
54611 54660 75
54627 54668 245
54648 54693 276
54674 54716 22
54701 54747 29
54723 54743 151
54751 54759 215
54758 54770 17
54775 54822 145
54802 54821 274
54828 54874 29
54837 54850 45
54839 54875 212
54867 54904 119
54884 54929 90
54884 54934 134
54912 54929 201
54933 54939 39
54948 54983 247
54959 54969 247
54978 55005 176
54982 55012 261
54996 55033 118
55002 55021 139
55003 55025 146
55031 55050 264
55032 55034 288
55040 55045 104
55066 55081 296
55075 55116 113
55083 55117 32
55107 55150 290
55125 55126 172
55152 55196 6
55169 55208 22
55191 55222 29
55200 55231 278
55207 55226 69
55220 55249 159
55220 55261 188
55246 55277 81
55263 55273 24
55289 55298 242
55313 55333 266
55327 55336 72
55349 55389 158
55358 55383 109
55377 55395 18
55389 55394 217
55402 55430 233
55403 55409 298
55407 55408 149
55436 55457 53
55437 55452 25
55441 55442 118
55441 55446 132
55467 55491 218
55491 55495 192
55496 55515 67
55513 55518 183
55541 55554 121
55559 55583 175
55583 55603 173
55610 55614 13
55621 55635 55
55632 55643 292
55655 55693 31
55657 55706 87
55664 55706 28
55685 55725 49
55708 55756 22
55730 55745 258
55760 55796 204
55778 55800 86
55789 55805 29
55794 55812 189
55820 55869 109
55831 55846 138
55849 55887 266
55866 55897 91
55871 55895 45
55872 55890 288
55887 55928 206
55909 55929 93
55909 55946 284
55923 55928 46
55928 55943 139
55949 55992 239
55966 55973 158
55984 55993 185
56011 56046 254
56018 56067 47
56046 56079 187
56069 56110 119
56085 56119 116
56088 56126 171
56108 56125 111
56128 56161 49
56151 56160 118
56168 56175 157
56174 56185 49
56174 56186 117
56194 56218 95
56220 56251 258
56247 56265 105
56247 56257 271
56274 56278 218
56283 56293 215
56294 56306 60
56298 56334 50
56326 56338 24
56349 56351 52
56366 56396 242
56382 56394 229
56410 56445 11
56422 56425 158
56426 56432 89
56426 56464 3
56440 56484 260
56441 56481 15
56447 56486 278
56472 56518 294
56487 56520 225
56488 56527 148
56495 56508 284
56498 56536 270
56522 56543 137
56550 56581 161
56551 56601 267
56562 56607 66
56571 56591 264
56573 56623 232
56597 56643 31
56614 56629 211
56641 56669 181
56650 56700 161
56674 56714 8
56691 56735 46
56691 56710 41
56715 56728 5
56721 56761 138
56732 56763 122
56752 56775 82
56760 56799 18
56763 56790 163
56782 56806 278
56794 56826 91
56823 56847 241
56844 56887 121
56862 56895 86
56877 56913 287
56906 56907 108
56916 56931 188
56917 56954 95
56918 56964 230
56946 56951 283
56954 57004 236
56955 56971 267
56973 56982 205
56973 56979 177
56977 57022 83
57001 57006 97
57003 57053 168
57023 57024 277
57029 57079 246
57054 57056 127
57064 57077 264
57067 57077 239
57079 57087 281
57081 57090 190
57097 57118 218
57105 57146 38
57118 57167 193
57119 57166 156
57147 57165 206
57176 57206 157
57198 57234 220
57208 57248 174
57222 57223 19
57250 57278 109
57260 57283 87
57266 57267 30
57268 57300 32
57292 57312 126
57296 57305 195
57326 57374 117
57337 57347 177
57350 57384 75
57377 57416 272
57393 57404 230
57411 57433 95
57417 57440 26
57420 57439 295
57438 57461 241
57465 57471 183
57495 57519 109
57497 57500 68
57507 57549 91
57508 57527 156
57538 57577 192
57562 57564 67
57564 57599 237
57586 57614 112
57594 57614 59
57603 57646 44
57607 57621 18
57620 57637 282
57629 57672 291
57656 57659 171
57662 57663 164
57669 57716 192
57688 57726 44
57713 57721 12
57732 57775 158
57749 57787 276
57765 57805 209
57787 57824 105
57795 57815 53
57812 57825 249
57825 57828 118
57854 57876 102
57875 57876 280
57899 57903 162
57917 57960 170
57945 57991 34
57946 57962 150
57970 57989 263
57986 58008 263
57997 58022 150
58011 58053 92
58023 58045 192
58049 58067 200
58059 58100 235
58089 58107 64
58101 58139 144
58102 58147 140
58105 58153 93
58110 58113 261
58133 58153 8
58159 58180 73
58186 58192 57
58211 58223 82
58221 58231 267
58249 58267 134
58273 58277 144
58277 58282 196
58285 58315 275
58315 58356 248
58342 58374 129
58353 58390 170
58359 58388 242
58367 58397 42
58367 58388 36
58389 58407 243
58409 58447 173
58432 58440 50
58460 58493 5
58470 58479 220
58497 58511 275
58505 58537 196
58519 58536 100
58532 58542 248
58536 58558 124
58545 58563 195
58554 58575 271
58567 58571 262
58580 58623 292
58592 58612 92
58607 58643 271
58632 58653 27
58658 58708 83
58687 58694 86
58712 58757 298
58723 58751 37
58744 58784 63
58756 58757 128
58764 58784 253
58779 58827 231
58785 58818 136
58812 58833 183
58813 58852 250
58842 58875 106
58871 58906 207
58887 58911 160
58902 58942 106
58924 58968 71
58953 58989 20
58964 59013 292
58975 59008 79
59001 59034 265
59021 59036 8
59049 59082 271
59079 59080 11
59088 59128 74
59109 59146 7
59121 59123 271
59127 59158 139
59155 59205 41
59167 59183 213
59185 59214 279
59189 59198 202
59210 59225 263
59228 59257 255
59241 59290 207
59255 59266 235
59264 59283 116
59282 59288 123
59285 59288 121
59315 59352 137
59320 59331 272
59333 59358 129
59350 59351 127
59377 59378 183
59398 59446 158
59398 59434 250
59414 59438 93
59418 59450 131
59444 59486 106
59460 59493 237
59469 59478 48
59491 59501 265
59495 59504 61
59511 59533 11
59532 59558 230
59549 59565 155
59566 59611 241
59569 59580 53
59578 59586 134
59603 59638 216
59626 59658 13
59652 59685 272
59663 59688 41
59690 59713 127
59719 59759 236
59740 59787 188
59760 59803 118
59776 59808 258
59790 59801 247
59791 59819 59
59796 59845 9
59804 59829 80
59811 59815 182
59812 59843 82
59814 59852 134
59824 59842 154
59841 59870 148
59845 59881 255
59863 59902 266
59872 59887 32
59883 59889 255
59883 59916 182
59888 59921 180
59893 59895 87
59907 59913 126
59929 59958 297
59945 59965 65
59945 59977 39
59953 59999 130
59977 60004 291
59992 60019 184
60013 60036 200
60014 60022 22
60022 60046 94
60038 60066 161
60068 60113 16
60091 60102 164
60117 60143 50
60123 60147 110
60137 60147 240
60155 60194 33
60156 60162 212
60185 60214 178
60213 60225 263
60241 60288 91
60245 60264 231
60250 60285 124
60276 60309 124
60294 60316 4
60320 60339 231
60346 60351 230
60363 60372 244
60366 60377 119
60395 60423 214
60425 60431 280
60444 60482 199
60454 60480 244
60469 60495 49
60480 60523 297
60481 60511 112
60511 60548 47
60533 60572 273
60533 60578 119
60537 60576 190
60537 60587 179
60555 60557 272
60567 60592 233
60575 60602 2
60581 60615 286
60602 60643 172
60608 60640 55
60631 60654 9
60635 60683 54
60662 60673 200
60679 60703 86
60704 60705 279
60705 60745 244
60710 60713 20
60718 60725 298
60747 60766 23
60766 60815 99
60784 60803 219
60786 60798 222
60801 60809 289
60804 60841 192
60834 60843 124
60851 60859 45
60857 60863 229
60881 60923 113
60907 60955 13
60936 60965 46
60937 60971 70
60961 60968 22
60968 60972 20
60980 61014 56
61000 61003 155
61020 61035 69
61021 61066 192
61022 61028 57
61036 61079 263
61053 61059 292
61083 61094 164
61090 61098 143
61091 61112 248
61097 61137 214
61107 61142 144
61124 61132 171
61132 61142 94
61149 61189 173
61177 61183 142
61195 61215 93
61210 61257 73
61238 61261 78
61240 61265 58
61249 61276 233
61253 61270 232
61274 61307 51
61301 61346 106
61324 61345 27
61339 61341 27
61362 61403 194
61380 61392 238
61410 61438 103
61420 61446 181
61427 61464 290
61436 61437 170
61451 61460 33
61459 61466 236
61466 61482 138
61484 61524 211
61506 61514 68
61514 61534 84
61534 61557 284
61558 61606 57
61559 61580 89
61578 61628 202
61601 61638 154
61602 61613 77
61623 61653 284
61647 61654 266
61655 61701 277
61680 61688 256
61686 61726 239
61696 61736 143
61701 61727 174
61725 61754 229
61729 61776 157
61737 61750 204
61760 61802 120
61789 61800 55
61806 61850 213
61806 61814 35
61831 61852 272
61850 61855 56
61880 61894 149
61893 61913 220
61905 61938 23
61912 61930 231
61920 61940 131
61949 61963 168
61969 61975 118
61996 62003 284
62016 62045 186
62038 62074 167
62055 62085 189
62076 62117 188
62091 62094 213
62104 62149 215
62112 62161 162
62133 62168 296
62139 62168 97
62164 62204 111
62178 62186 300
62178 62205 231
62205 62250 142
62234 62255 46
62255 62267 146
62265 62285 55
62290 62312 262
62311 62327 30
62318 62326 150
62328 62364 294
62356 62402 204
62380 62393 213
62385 62386 194
62388 62419 276
62416 62441 43
62434 62473 258
62435 62460 34
62442 62451 263
62451 62452 92
62459 62499 264
62482 62518 276
62500 62542 65
62521 62559 227
62549 62581 60
62555 62566 10
62583 62597 252
62591 62624 158
62598 62612 85
62616 62625 34
62635 62675 254
62651 62654 220
62652 62660 29
62672 62715 212
62684 62729 108
62712 62751 145
62740 62777 252
62754 62767 23
62763 62773 227
62764 62793 241
62768 62803 234
62777 62783 233
62785 62833 92
62812 62826 106
62816 62823 90
62825 62830 138
62832 62882 64
62833 62881 208
62840 62844 162
62849 62856 41
62864 62910 202
62884 62903 93
62894 62940 199
62915 62963 276
62941 62964 179
62962 62996 202
62987 63032 263
63016 63024 1
63043 63081 104
63051 63057 182
63054 63072 144
63075 63103 180
63102 63150 4
63126 63133 205
63134 63136 44
63164 63167 19
63167 63194 231
63184 63220 221
63186 63200 115
63202 63210 83
63202 63240 125
63209 63243 216
63223 63242 290
63244 63277 164
63251 63296 208
63273 63320 255
63274 63277 22
63293 63340 267
63317 63348 236
63343 63355 41
63353 63378 153
63353 63358 83
63363 63394 121
63367 63369 153
63372 63390 233
63373 63418 39
63400 63416 183
63411 63424 230
63420 63443 98
63422 63446 65
63437 63438 271
63445 63481 235
63456 63502 190
63481 63523 79
63489 63498 5
63511 63552 82
63537 63550 281
63538 63544 3
63548 63588 95
63556 63588 270
63562 63599 116
63581 63613 78
63583 63629 292
63587 63619 225
63598 63614 217
63613 63620 193
63620 63645 228
63631 63632 117
63639 63655 202
63666 63675 183
63677 63725 284
63686 63714 174
63689 63717 71
63710 63729 9
63717 63736 275
63734 63749 39
63740 63769 241
63764 63784 3
63777 63820 72
63804 63844 270
63814 63851 195
63842 63883 171
63867 63908 86
63881 63927 300
63889 63933 143
63905 63924 122
63918 63955 202
63937 63969 59
63945 63955 158
63969 64009 23
63971 64010 259
63987 64035 168
63989 64000 281
64000 64016 219
64010 64018 168
64021 64040 184
64036 64056 105
64065 64111 188
64090 64135 10
64098 64137 187
64121 64147 103
64139 64185 193
64160 64193 142
64170 64186 247
64183 64208 139
64208 64230 84
64209 64238 34
64225 64262 31
64252 64279 79
64281 64297 109
64304 64322 2
64324 64338 143
64347 64384 3
64367 64402 140
64382 64408 155
64386 64394 187
64407 64439 261
64416 64425 145
64423 64428 2
64453 64503 169
64483 64507 94
64493 64521 215
64498 64504 164
64518 64543 43
64536 64550 9
64552 64567 129
64570 64603 175
64598 64631 240
64617 64648 178
64635 64684 228
64658 64669 203
64662 64673 207
64692 64715 291
64693 64738 88
64702 64707 203
64705 64708 34
64735 64771 290
64751 64789 57
64753 64772 131
64761 64802 108
64774 64819 276
64799 64808 152
64801 64828 233
64804 64826 191
64809 64830 35
64831 64873 104
64860 64907 129
64864 64889 195
64894 64933 264
64923 64928 73
64942 64976 177
64952 64998 114
64977 65022 136
65003 65042 212
65005 65025 29
65029 65050 199
65048 65098 261
65068 65098 189
65085 65124 282
65114 65134 36
65126 65156 103
65132 65178 137
65144 65165 168
65146 65196 51
65175 65177 296
65195 65238 254
65211 65212 20
65231 65281 59
65238 65253 65
65254 65302 293
65271 65307 270
65287 65295 291
65305 65317 267
65325 65350 99
65352 65400 91
65376 65390 62
65383 65392 91
65406 65433 87
65423 65426 293
65429 65477 282
65451 65495 172
65453 65469 144
65477 65513 229
65483 65527 98
65486 65524 109
65510 65511 105
65517 65563 40
65519 65520 163
65548 65566 163
65568 65610 174
65584 65610 261
65598 65601 74
65618 65631 131
65645 65670 189
65647 65668 238
65667 65700 147
65685 65694 195
65706 65714 10
65706 65737 14
65732 65770 1
65759 65761 279
65789 65815 72
65805 65811 279
65830 65861 213
65833 65856 203
65839 65871 115
65854 65895 113
65883 65903 288
65898 65936 136
65908 65915 124
65926 65951 283
65937 65966 292
65959 65984 300
65981 66021 80
65998 66040 287
66026 66038 19
66056 66075 152
66056 66087 112
66076 66102 275
66087 66098 1
66113 66157 175
66142 66158 168
66156 66194 71
66162 66207 43
66173 66190 18
66191 66215 162
66207 66213 197
66236 66257 204
66247 66266 175
66247 66285 152
66267 66312 166
66297 66341 93
66299 66307 208
66310 66323 287
66326 66355 232
66326 66350 186
66328 66341 33
66329 66377 192
66348 66397 140
66352 66387 66
66366 66385 262
66373 66399 90
66401 66446 66
66410 66426 191
66429 66458 189
66436 66482 94
66461 66503 290
66485 66525 12
66504 66515 196
66516 66521 209
66539 66550 81
66559 66569 88
66581 66613 295
66606 66656 271
66632 66638 237
66645 66678 249
66658 66685 233
66678 66697 64
66706 66711 42
66723 66732 146
66750 66797 99
66768 66805 41
66773 66787 176
66780 66820 287
66789 66799 207
66807 66844 90
66816 66837 251
66822 66861 67
66841 66852 57
66852 66880 26
66865 66877 231
66892 66895 254
66908 66941 150
66924 66942 214
66929 66931 232
66958 67004 162
66986 67036 207
67012 67045 62
67036 67076 151
67053 67092 79
67074 67117 119
67094 67129 114
67113 67161 31
67127 67175 279
67148 67172 116
67168 67170 259
67168 67180 286
67169 67187 299
67176 67201 13
67191 67203 151
67206 67228 167
67213 67248 98
67223 67228 236
67235 67268 65
67265 67275 110
67292 67299 174
67299 67328 22
67321 67357 121
67348 67376 10
67354 67356 185
67355 67375 294
67366 67400 283
67370 67416 168
67376 67397 294
67392 67408 216
67415 67432 4
67443 67468 78
67467 67489 77
67497 67511 81
67520 67537 171
67536 67577 232
67537 67586 45
67556 67590 49
67572 67582 128
67600 67615 50
67613 67614 190
67641 67652 287
67655 67658 223
67657 67688 169
67676 67714 152
67687 67715 69
67692 67717 103
67720 67762 173
67746 67764 87
67768 67815 53
67795 67796 8
67803 67833 203
67830 67857 125
67838 67863 252
67863 67881 166
67884 67925 59
67903 67908 185
67922 67926 146
67926 67950 53
67927 67969 129
67930 67971 285
67939 67949 220
67951 67980 199
67963 67982 79
67976 68008 165
67978 68014 161
67995 68027 255
68021 68049 69
68025 68064 2
68025 68074 272
68041 68045 14
68046 68089 3
68059 68074 90
68059 68097 20
68083 68114 191
68087 68094 47
68099 68139 197
68122 68131 224
68129 68141 178
68140 68166 116
68157 68160 200
68173 68183 138
68175 68194 164
68188 68219 100
68214 68223 125
68229 68258 21
68229 68243 293
68249 68282 181
68252 68269 34
68281 68293 242
68294 68300 213
68314 68339 266
68329 68354 116
68337 68352 231
68349 68395 61
68364 68401 131
68373 68414 19
68392 68416 116
68408 68437 12
68425 68466 54
68449 68490 133
68479 68521 130
68497 68533 280
68521 68558 21
68534 68546 256
68561 68571 29
68585 68591 297
68610 68660 67
68632 68665 13
68649 68668 155
68672 68685 225
68698 68699 108
68703 68709 10
68714 68717 113
68731 68740 69
68743 68751 136
68744 68769 6
68748 68783 273
68760 68796 47
68780 68802 112
68781 68831 102
68781 68827 182
68796 68830 258
68797 68805 9
68803 68852 295
68826 68863 91
68837 68853 70
68862 68911 48
68866 68909 9
68877 68883 140
68899 68909 149
68923 68952 158
68925 68955 102
68946 68987 253
68958 68966 104
68975 69025 191
68977 68991 266
68998 69026 268
69024 69070 180
69053 69063 165
69070 69076 257
69079 69124 133
69096 69109 218
69111 69156 271
69111 69161 142
69128 69164 32
69139 69151 249
69143 69164 211
69150 69155 140
69155 69158 269
69172 69185 134
69172 69175 118
69196 69211 122
69203 69252 299
69231 69262 123
69249 69299 127
69252 69273 35
69256 69265 119
69263 69268 5
69274 69280 206
69295 69343 113
69320 69331 189
69334 69339 6
69345 69375 202
69347 69392 131
69349 69390 124
69357 69397 164
69358 69368 119
69386 69415 264
69388 69414 90
69397 69431 292
69404 69418 84
69419 69467 79
69421 69453 20
69446 69496 122
69452 69502 85
69464 69472 31
69469 69483 214
69499 69541 37
69503 69520 86
69529 69540 279
69540 69558 98
69562 69594 33
69592 69609 167
69620 69637 118
69645 69692 39
69657 69686 135
69677 69687 130
69697 69730 81
69701 69751 20
69701 69734 171
69731 69751 28
69743 69789 293
69756 69776 47
69764 69792 157
69779 69804 100
69791 69824 142
69795 69831 261
69813 69840 20
69825 69868 117
69838 69861 220
69853 69884 124
69857 69862 233
69860 69877 10
69867 69895 137
69874 69910 124
69903 69917 86
69926 69946 18
69947 69968 300
69976 70012 86
69999 70027 287
70024 70045 190
70038 70048 106
70047 70065 205
70058 70072 150
70065 70088 277
70094 70128 40
70106 70114 221
70134 70145 184
70135 70149 183
70154 70161 292
70169 70180 205
70169 70195 254
70169 70197 49
70198 70242 255
70199 70205 224
70211 70225 48
70223 70249 44
70247 70278 175
70273 70305 62
70283 70292 292
70309 70312 136
70323 70329 238
70350 70367 113
70373 70394 211
70396 70446 289
70407 70427 104
70428 70432 73
70437 70476 217
70455 70486 33
70470 70478 27
70496 70505 238
70511 70524 139
70529 70563 108
70558 70576 13
70588 70635 84
70599 70635 10
70612 70661 34
70623 70634 251
70645 70677 41
70651 70656 249
70679 70705 290
70686 70698 248
70690 70736 207
70705 70750 89
70734 70756 132
70756 70776 229
70757 70765 189
70768 70774 123
70791 70812 159
70797 70843 235
70812 70829 213
70842 70861 19
70860 70888 201
70862 70864 285
70863 70892 232
70874 70910 55
70890 70905 256
70905 70940 234
70913 70928 194
70919 70952 110
70927 70933 3
70939 70945 173
70955 70976 158
70973 71006 58
70973 70989 261
70988 70991 264
70998 71030 13
71006 71055 67
71018 71051 18
71039 71058 221
71063 71076 231
71085 71134 83
71099 71129 243
71104 71143 167
71115 71141 18
71116 71161 94
71138 71178 88
71149 71167 190
71175 71211 138
71194 71209 112
71198 71246 14
71208 71245 50
71216 71240 242
71226 71246 164
71253 71283 157
71278 71316 242
71281 71317 178
71307 71334 258
71334 71367 47
71353 71383 56
71377 71411 170
71407 71413 39
71428 71451 241
71433 71440 75
71433 71448 266
71453 71454 259
71480 71515 161
71509 71517 10
71520 71545 124
71544 71592 148
71568 71597 27
71576 71604 106
71601 71638 94
71627 71643 195
71629 71674 112
71644 71655 284
71674 71696 2
71701 71735 166
71704 71724 277
71722 71764 88
71743 71790 153
71764 71810 3
71787 71821 102
71792 71825 218
71797 71798 196
71814 71831 36
71822 71830 147
71831 71868 119
71848 71856 151
71877 71925 243
71897 71944 51
71919 71933 64
71937 71965 51
71966 71989 184
71988 72021 155
71999 72022 92
72020 72027 123
72025 72038 244
72048 72077 8
72060 72073 30
72090 72132 31
72104 72147 170
72115 72154 141
72126 72131 39
72140 72176 249
72153 72200 280
72155 72170 69
72157 72172 220
72163 72183 98
72169 72178 138
72187 72201 170
72207 72216 281
72237 72238 7
72260 72288 279
72279 72283 181
72308 72326 297
72310 72320 291
72338 72375 249
72362 72392 227
72383 72401 146
72402 72406 27
72421 72446 158
72448 72471 45
72449 72497 192
72450 72474 293
72473 72478 10
72486 72523 261
72507 72527 242
72531 72551 125
72543 72582 70
72571 72595 271
72600 72640 108
72601 72641 76
72622 72638 69
72637 72640 248
72647 72675 180
72652 72674 183
72662 72698 9
72692 72723 16
72702 72714 2
72724 72743 250
72740 72787 128
72742 72766 144
72760 72804 272
72766 72774 137
72773 72807 232
72799 72829 7
72801 72842 126
72826 72867 282
72827 72835 161
72847 72879 217
72875 72895 152
72884 72886 180
72902 72906 150
72930 72976 120
72930 72934 213
72950 72989 116
72974 73005 9
72991 73012 95
73010 73011 69
73033 73058 20
73059 73061 139
73073 73098 261
73097 73133 14
73110 73113 67
73122 73150 143
73122 73138 55
73144 73189 99
73149 73186 282
73168 73194 110
73176 73178 183
73180 73226 84
73191 73222 106
73206 73217 261
73232 73257 105
73248 73284 286
73275 73318 91
73283 73324 280
73293 73294 269
73314 73334 23
73333 73379 14
73362 73364 239
73375 73408 128
73403 73436 81
73430 73468 67
73453 73456 133
73458 73479 107
73479 73496 137
73504 73505 28
73504 73531 279
73533 73549 41
73534 73535 72
73535 73565 116
73556 73605 16
73585 73592 57
73597 73610 84
73606 73621 155
73634 73646 225
73635 73660 16
73635 73682 23
73656 73704 191
73660 73681 207
73676 73724 213
73693 73707 53
73706 73726 207
73731 73754 250
73754 73764 290
73759 73784 78
73760 73775 239
73762 73773 112
73779 73829 177
73801 73837 265
73810 73811 248
73836 73876 9
73856 73900 300
73857 73877 28
73874 73916 65
73895 73940 118
73923 73944 67
73929 73966 104
73956 73977 73
73967 73981 295
73980 73997 85
73998 74023 42
74027 74035 280
74033 74072 78
74052 74079 264
74057 74060 300
74062 74089 168
74069 74110 130
74085 74131 82
74112 74157 202
74113 74133 226
74143 74169 80
74146 74162 73
74153 74192 33
74161 74174 23
74174 74178 165
74191 74196 122
74203 74218 163
74231 74256 218
74261 74288 98
74264 74313 19
74279 74282 262
74285 74314 275
74306 74354 295
74331 74353 91
74340 74356 178
74356 74394 213
74363 74393 104
74376 74386 128
74402 74424 4
74404 74426 184
74417 74457 58
74446 74484 147
74460 74462 6
74467 74500 77
74487 74504 116
74510 74516 180
74531 74552 103
74545 74558 14
74562 74603 40
74571 74583 243
74578 74585 43
74600 74606 171
74600 74638 151
74609 74636 157
74612 74657 193
74618 74635 170
74646 74661 211
74652 74654 106
74658 74672 230
74685 74686 127
74712 74716 282
74712 74724 185
74722 74733 208
74726 74731 286
74743 74778 86
74745 74749 32
74767 74816 225
74790 74792 77
74813 74838 164
74838 74853 62
74850 74898 64
74871 74895 293
74887 74916 169
74916 74918 287
74940 74981 281
74947 74993 173
74972 75002 16
74994 75043 284
75020 75042 185
75038 75049 244
75038 75078 155
75053 75057 78
75076 75113 85
75086 75135 284
75100 75105 214
75118 75133 151
75139 75159 22
75142 75153 69
75167 75189 256
75187 75219 246
75214 75238 21
75233 75258 107
75236 75250 187
75243 75281 99
75256 75281 31
75256 75275 3
75257 75279 176
75265 75295 271
75290 75302 79
75307 75338 161
75325 75352 262
75325 75362 51
75334 75372 107
75363 75394 111
75364 75411 133
75386 75399 81
75395 75402 6
75423 75429 29
75447 75490 43
75449 75482 100
75478 75510 46
75505 75516 254
75519 75559 171
75543 75565 36
75561 75591 206
75578 75594 45
75582 75617 6
75606 75642 156
75608 75642 16
75608 75649 161
75634 75675 254
75657 75677 3
75673 75697 178
75698 75735 163
75715 75737 287
75731 75760 202
75752 75797 207
75754 75763 136
75766 75788 89
75785 75815 116
75805 75807 139
75820 75868 92
75841 75871 24
75853 75859 123
75861 75900 164
75864 75895 45
75886 75899 40
75901 75951 192
75906 75940 134
