500
24 61 104
43 50 38
43 78 256
61 63 137
63 106 65
88 125 184
93 123 277
119 137 108
137 165 203
166 216 29
168 179 150
184 227 61
198 234 49
220 269 159
233 259 110
260 274 129
274 286 71
302 327 221
325 344 286
332 355 153
340 371 261
361 407 273
372 414 63
390 440 104
404 432 175
432 444 272
439 463 255
443 465 69
443 464 57
458 485 71
460 495 28
484 519 258
510 540 204
530 554 262
530 562 281
556 599 281
581 582 135
608 652 115
615 636 235
620 659 267
650 698 58
680 692 285
709 729 224
715 741 161
743 778 42
762 789 8
785 810 12
811 832 263
834 882 222
847 850 14
862 907 266
868 890 176
870 881 256
872 910 44
899 936 124
921 929 130
923 969 115
936 965 67
963 1010 206
988 1018 164
1013 1015 84
1039 1054 241
1052 1063 176
1061 1106 37
1062 1100 200
1066 1104 254
1078 1117 231
1104 1139 100
1108 1110 117
1123 1158 80
1132 1144 86
1135 1149 129
1145 1169 46
1160 1174 233
1166 1209 119
1170 1208 146
1195 1212 182
1214 1248 200
1220 1242 67
1240 1245 112
1244 1268 206
1267 1282 181
1282 1321 72
1284 1320 112
1287 1320 280
1309 1346 172
1318 1326 236
1333 1352 88
1336 1380 138
1345 1371 168
1360 1372 23
1386 1400 36
1407 1410 155
1429 1472 154
1435 1475 214
1436 1446 142
1438 1473 26
1466 1493 66
1478 1524 59
1495 1504 209
1525 1557 92
1554 1584 251
1577 1607 230
1577 1610 259
1583 1588 60
1604 1651 198
1616 1628 147
1634 1678 135
1649 1675 168
1673 1713 117
1694 1718 207
1707 1734 77
1731 1748 172
1739 1745 200
1744 1748 101
1761 1780 115
1763 1795 254
1768 1800 231
1779 1800 111
1809 1812 253
1834 1848 211
1840 1867 176
1848 1884 294
1876 1915 13
1876 1911 74
1891 1934 143
1920 1928 96
1934 1945 281
1942 1944 26
1971 2002 145
1987 2016 224
1994 2007 28
1998 2022 279
2019 2058 34
2027 2034 187
2048 2068 146
2068 2076 297
2071 2104 167
2096 2134 152
2118 2141 224
2125 2128 83
2136 2178 167
2144 2184 208
2168 2216 201
2182 2190 95
2184 2229 214
2190 2192 186
2199 2200 103
2228 2269 48
2258 2306 37
2276 2296 23
2286 2333 25
2311 2360 292
2340 2344 240
2359 2367 173
2389 2412 107
2402 2452 7
2423 2451 271
2436 2454 64
2440 2448 220
2444 2477 238
2459 2499 100
2474 2495 30
2474 2489 70
2489 2521 271
2492 2496 220
2501 2527 83
2513 2523 140
2530 2545 222
2536 2558 242
2561 2572 181
2576 2619 258
2580 2593 216
2608 2613 260
2614 2649 254
2627 2646 87
2653 2676 261
2658 2701 101
2688 2700 96
2714 2725 78
2744 2757 167
2752 2767 298
2760 2792 137
2780 2796 9
2790 2800 210
2808 2820 176
2810 2836 216
2837 2849 196
2850 2858 210
2867 2902 35
2869 2873 18
2877 2907 180
2895 2917 294
2897 2914 152
2906 2943 113
2913 2959 114
2926 2933 42
2951 2968 227
2958 2961 263
2973 2984 295
2996 3038 139
3023 3056 31
3026 3037 228
3055 3073 284
3072 3102 235
3100 3144 115
3109 3143 166
3121 3139 134
3123 3154 97
3139 3145 72
3144 3147 31
3146 3183 108
3170 3185 96
3174 3207 172
3175 3183 109
3203 3211 135
3208 3228 88
3230 3269 241
3251 3290 58
3278 3315 48
3279 3317 12
3291 3329 277
3313 3317 145
3317 3318 62
3342 3367 137
3368 3375 115
3395 3433 228
3404 3439 256
3434 3446 249
3458 3491 287
3473 3493 290
3489 3525 110
3513 3524 32
3520 3542 219
3544 3573 270
3547 3585 215
3568 3582 119
3591 3633 186
3621 3663 104
3624 3644 240
3629 3667 157
3651 3673 60
3662 3708 104
3690 3721 222
3716 3724 59
3745 3784 167
3772 3817 102
3784 3818 253
3796 3845 244
3824 3829 16
3843 3877 158
3844 3865 228
3845 3890 289
3863 3909 171
3885 3894 214
3893 3929 172
3922 3960 188
3946 3947 248
3966 3998 280
3981 3985 87
3981 4019 200
3993 4018 279
4004 4023 91
4025 4039 82
4039 4074 29
4052 4098 212
4080 4098 225
4084 4109 8
4103 4111 63
4128 4138 232
4151 4153 269
4176 4203 104
4195 4242 230
4200 4223 226
4222 4267 244
4242 4248 60
4255 4277 255
4261 4289 51
4276 4313 48
4306 4307 24
4336 4352 188
4344 4363 38
4362 4398 22
4368 4402 260
4381 4390 264
4385 4418 187
4389 4394 74
4392 4414 15
4421 4455 219
4443 4479 85
4451 4475 13
4456 4460 26
4457 4501 149
4469 4508 213
4489 4505 72
4502 4533 121
4525 4572 259
4527 4550 50
4533 4541 188
4544 4572 299
4547 4584 267
4559 4581 40
4559 4596 126
4562 4605 148
4581 4583 40
4595 4599 213
4611 4640 2
4639 4678 270
4642 4666 31
4645 4653 209
4667 4715 187
4682 4691 270
4697 4716 164
4724 4736 215
4726 4743 246
4736 4770 63
4758 4764 100
4759 4801 229
4772 4803 74
4774 4792 116
4803 4806 130
4818 4832 200
4841 4871 145
4842 4884 90
4863 4898 222
4864 4877 144
4887 4929 112
4895 4923 115
4922 4956 40
4931 4968 262
4942 4945 111
4961 5001 166
4982 4998 28
5006 5020 235
5034 5038 214
5051 5062 273
5051 5062 227
5055 5082 163
5055 5097 245
5074 5114 279
5099 5126 25
5108 5149 46
5132 5135 218
5162 5211 215
5179 5222 170
5204 5254 272
5206 5252 47
5220 5246 73
5249 5293 56
5271 5290 174
5284 5285 249
5307 5325 151
5317 5318 54
5347 5378 83
5359 5375 136
5370 5374 110
5400 5447 18
5414 5454 217
5420 5460 232
5442 5472 78
5447 5484 71
5473 5486 277
5476 5495 76
5479 5527 25
5483 5526 48
5513 5559 242
5524 5526 6
5526 5551 13
5529 5571 258
5530 5539 204
5555 5570 213
5568 5576 194
5598 5626 27
5610 5644 7
5611 5655 278
5617 5666 216
5621 5642 294
5640 5659 104
5656 5672 292
5661 5680 267
5679 5702 233
5701 5716 298
5720 5729 120
5739 5771 63
5747 5786 144
5772 5795 44
5776 5784 46
5782 5801 90
5795 5800 263
5809 5850 216
5825 5837 194
5850 5878 189
5879 5886 188
5892 5935 67
5920 5970 230
5924 5942 119
5938 5985 53
5943 5973 129
5949 5991 126
5959 5970 133
5965 6003 213
5981 5999 29
6004 6019 7
6004 6045 262
6022 6057 198
6043 6089 149
6048 6049 145
6065 6092 140
6067 6092 145
6085 6122 237
6085 6110 209
6115 6135 154
6139 6188 192
6162 6182 27
6166 6211 214
6191 6204 255
6208 6219 137
6221 6242 127
6222 6245 211
6242 6270 48
6248 6290 244
6259 6282 157
6276 6324 161
6293 6325 32
6310 6324 250
6315 6333 16
6328 6329 13
6356 6371 184
6385 6409 188
6391 6416 69
6404 6409 38
6409 6454 108
6410 6440 251
6432 6458 88
6443 6469 35
6456 6485 80
6467 6517 8
6490 6500 8
6494 6498 285
6496 6525 236
6500 6542 28
6510 6540 193
6528 6534 294
6547 6563 125
6551 6582 29
6554 6567 134
6558 6596 8
6579 6583 270
6596 6610 246
6598 6640 252
6623 6671 295
6653 6687 23
6672 6683 117
6688 6730 42
6696 6746 169
6708 6730 179
6720 6746 90
6729 6734 79
6754 6772 281
6783 6822 263
6804 6815 300
6826 6855 208
6826 6829 37
6835 6864 126
6858 6871 43
6876 6921 202
6877 6898 58
6894 6943 137
6908 6934 34
6924 6926 137
6930 6965 253
6933 6975 251
6960 7009 258
6981 6993 138
7007 7054 133
7025 7030 283
7032 7035 91
7057 7084 245
7077 7090 83
7084 7086 25
7093 7117 140
7110 7118 248
7117 7148 263
7124 7128 171
7149 7153 72
7177 7225 122
7179 7225 128
7192 7230 181
7221 7265 81
7221 7263 159
7243 7289 14
7261 7286 288
7282 7314 70
7310 7332 283
7334 7349 159
7352 7374 201
7373 7376 143
7402 7406 65
7412 7439 260
7433 7483 48
