50
17 54 110
32 46 230
39 84 39
60 104 157
63 87 53
87 118 196
90 114 46
97 145 24
106 149 148
132 150 9
150 187 126
180 217 69
205 223 119
221 233 62
227 249 237
228 277 239
242 251 33
268 310 267
272 300 24
294 327 55
301 304 256
316 329 107
338 345 147
346 371 199
372 380 179
392 398 214
418 446 93
443 478 94
455 474 93
456 462 30
475 487 173
490 504 191
498 500 32
500 527 153
530 578 53
558 603 28
561 566 223
563 590 34
571 580 225
573 578 295
580 586 64
589 616 42
594 626 142
621 655 149
634 651 42
643 674 213
666 714 299
667 710 236
691 704 270
715 753 140
