50
28 65 64
45 79 194
47 96 274
69 81 66
86 122 75
97 106 209
112 114 7
132 165 250
134 165 94
162 163 5
179 188 277
182 192 66
204 249 45
226 260 154
256 267 138
261 289 159
287 314 234
303 310 4
305 328 88
310 320 84
335 384 27
345 350 240
361 397 222
365 396 200
369 398 171
369 404 104
369 411 227
385 423 84
392 430 31
416 463 167
429 436 295
432 460 226
437 440 223
451 470 291
462 482 23
492 508 48
522 533 27
550 569 227
580 605 63
602 603 277
616 639 202
642 661 35
645 656 25
666 678 57
675 714 279
695 709 144
724 734 64
745 771 123
752 786 163
777 799 151
